current ID,accumulated P/L,accumulated reward,reward,position,action,fpl,cu,ma1,ma2,ma3,ma4,ma5
121,0,0,0,0,0,0,0.6855188679245288,0.7209355345911933,0,0,0,0
122,0,0,0,0,0,0,0.7555188679245219,0.7191855345911934,0,0,0,0
123,0,0,0,0,3,0,0.6855188679245288,0.7197688679245267,0,0,0,0
124,0,0,0,0,0,0,0.7555188679245219,0.71910220125786,0,0,0,0
125,0,0,0,1,1,0,0.7555188679245219,0.7191855345911933,0,0,0,0
126,0.0,0.0,0.0,0,3,0.0,0.7555188679245219,0.7197688679245265,0,0,0,0
127,0.0,0.0,0,2,2,0,0.6855188679245288,0.7198522012578598,0,0,0,0
128,0.0,0.0,0,2,0,0.0,0.6855188679245288,0.7198522012578598,0,0,0,0
129,0.0,0.0,0,2,1,0.0,0.6855188679245288,0.7193522012578597,0,0,0,0
130,0.0,0.0,0,2,1,0.06999999999999318,0.7555188679245219,0.7193522012578597,0,0,0,0
131,699.9999999999318,699.9999999999318,699.9999999999318,0,3,0.06999999999999318,0.7555188679245219,0.719435534591193,0,0,0,0
132,699.9999999999318,699.9999999999318,0,1,1,0,0.6855188679245288,0.7195188679245262,0,0,0,0
133,699.9999999999318,699.9999999999318,0,1,2,-0.06999999999999318,0.7555188679245219,0.7190188679245263,0,0,0,0
134,699.9999999999318,699.9999999999318,0,1,0,-0.06999999999999318,0.7555188679245219,0.7191022012578595,0,0,0,0
135,699.9999999999318,699.9999999999318,0,1,1,0.0,0.6855188679245288,0.7191855345911927,0,0,0,0
136,699.9999999999318,699.9999999999318,0,1,0,0.04999999999999716,0.6355188679245316,0.7191855345911927,0,0,0,0
137,699.9999999999318,699.9999999999318,0,1,0,-0.03999999999999204,0.7255188679245208,0.7187688679245261,0,0,0,0
138,699.9999999999318,699.9999999999318,0,1,2,-0.060000000000002274,0.745518867924531,0.7191022012578594,0,0,0,0
139,699.9999999999318,699.9999999999318,0,1,0,-0.06999999999999318,0.7555188679245219,0.7196022012578595,0,0,0,0
140,699.9999999999318,699.9999999999318,0,1,2,-0.18999999999999773,0.8755188679245265,0.7196855345911927,0,0,0,0
141,699.9999999999318,699.9999999999318,0,1,2,-0.18999999999999773,0.8755188679245265,0.7212688679245259,0,0,0,0
142,-1600.0000000001082,-1600.0000000001082,-2300.00000000004,0,3,-0.230000000000004,0.9155188679245327,0.7223522012578593,0,0,0,0
143,-1600.0000000001082,-1600.0000000001082,0,0,3,0,0.8655188679245214,0.7242688679245259,0,0,0,0
144,-1600.0000000001082,-1600.0000000001082,0,0,3,0,0.8655188679245214,0.7252688679245259,0,0,0,0
145,-1600.0000000001082,-1600.0000000001082,0,2,2,0,0.8955188679245225,0.7262688679245258,0,0,0,0
146,-1600.0000000001082,-1600.0000000001082,0.0,0,3,0.0,0.8955188679245225,0.7275188679245257,0,0,0,0
147,-1600.0000000001082,-1600.0000000001082,0,1,1,0,0.8855188679245316,0.7292688679245257,0,0,0,0
148,-1600.0000000001082,-1600.0000000001082,0,1,0,0.0,0.8855188679245316,0.7309355345911924,0,0,0,0
149,-1600.0000000001082,-1600.0000000001082,0,1,2,0.05000000000001137,0.8355188679245202,0.7321022012578591,0,0,0,0
150,-1600.0000000001082,-1600.0000000001082,0,1,2,0.04000000000000625,0.8455188679245254,0.7333522012578589,0,0,0,0
151,-1600.0000000001082,-1600.0000000001082,0,1,0,0.04000000000000625,0.8455188679245254,0.7341855345911923,0,0,0,0
152,-1600.0000000001082,-1600.0000000001082,0,1,0,0.07000000000000739,0.8155188679245242,0.7355188679245256,0,0,0,0
153,-1600.0000000001082,-1600.0000000001082,0,1,2,0.05000000000001137,0.8355188679245202,0.7361022012578589,0,0,0,0
154,-1600.0000000001082,-1600.0000000001082,0,1,1,0.0800000000000125,0.8055188679245191,0.7373522012578587,0,0,0,0
155,-1000.0000000000855,-1000.0000000000855,600.0000000000227,0,3,0.060000000000002274,0.8255188679245293,0.7383522012578587,0,0,0,0
156,-1000.0000000000855,-1000.0000000000855,0,0,3,0,0.8355188679245202,0.7390188679245253,0,0,0,0
157,-1000.0000000000855,-1000.0000000000855,0,0,3,0,0.7655188679245271,0.7402688679245253,0,0,0,0
158,-1000.0000000000855,-1000.0000000000855,0,1,1,0,0.8355188679245202,0.7404355345911919,0,0,0,0
159,-500.0000000001139,-500.0000000001139,499.9999999999716,0,3,0.04999999999999716,0.7855188679245231,0.7416855345911918,0,0,0,0
160,-500.0000000001139,-500.0000000001139,0,0,3,0,0.8455188679245254,0.7425188679245251,0,0,0,0
161,-500.0000000001139,-500.0000000001139,0,0,0,0,0.8355188679245202,0.7433522012578584,0,0,0,0
162,-500.0000000001139,-500.0000000001139,0,1,1,0,0.8355188679245202,0.7446022012578584,0,0,0,0
163,-500.0000000001139,-500.0000000001139,0,1,2,0.0,0.8355188679245202,0.7458522012578582,0,0,0,0
164,-400.00000000020486,-400.00000000020486,99.99999999990905,0,3,0.009999999999990905,0.8255188679245293,0.7466022012578581,0,0,0,0
165,-400.00000000020486,-400.00000000020486,0,1,1,0,0.7855188679245231,0.7472688679245248,0,0,0,0
166,-800.0000000002674,-800.0000000002674,-400.0000000000625,0,3,-0.04000000000000625,0.8255188679245293,0.7468522012578582,0,0,0,0
167,-800.0000000002674,-800.0000000002674,0,0,0,0,0.8155188679245242,0.7480188679245249,0,0,0,0
168,-800.0000000002674,-800.0000000002674,0,2,2,0,0.8055188679245191,0.7491022012578582,0,0,0,0
169,-800.0000000002674,-800.0000000002674,0,2,2,0.010000000000005116,0.8155188679245242,0.7501022012578581,0,0,0,0
170,-800.0000000002674,-800.0000000002674,0,2,0,0.030000000000001137,0.8355188679245202,0.7506855345911914,0,0,0,0
171,-400.00000000020486,-400.00000000020486,400.0000000000625,0,3,0.04000000000000625,0.8455188679245254,0.751352201257858,0,0,0,0
172,-400.00000000020486,-400.00000000020486,0,0,0,0,0.9255188679245236,0.7526855345911913,0,0,0,0
173,-400.00000000020486,-400.00000000020486,0,0,3,0,0.9355188679245288,0.754102201257858,0,0,0,0
174,-400.00000000020486,-400.00000000020486,0,1,1,0,0.9355188679245288,0.7561855345911913,0,0,0,0
175,-400.00000000020486,-400.00000000020486,0.0,0,3,0.0,0.9355188679245288,0.7576855345911914,0,0,0,0
176,-400.00000000020486,-400.00000000020486,0,0,3,0,0.9255188679245236,0.7597688679245247,0,0,0,0
177,-400.00000000020486,-400.00000000020486,0,0,3,0,0.9355188679245288,0.7611855345911914,0,0,0,0
178,-400.00000000020486,-400.00000000020486,0,0,3,0,0.9155188679245327,0.7626855345911915,0,0,0,0
179,-400.00000000020486,-400.00000000020486,0,0,3,0,0.9055188679245276,0.7646022012578582,0,0,0,0
180,-400.00000000020486,-400.00000000020486,0,2,2,0,0.9255188679245236,0.7658522012578582,0,0,0,0
181,-400.00000000020486,-400.00000000020486,0,2,0,0.0,0.9255188679245236,0.7672688679245249,0,0,0,0
182,-400.00000000020486,-400.00000000020486,0,2,1,-0.009999999999990905,0.9155188679245327,0.7692688679245249,0,0,0,0
183,-400.00000000020486,-400.00000000020486,0,2,0,-0.060000000000002274,0.8655188679245214,0.7711855345911915,0,0,0,0
184,-1700.0000000001594,-1700.0000000001594,-1299.9999999999545,0,3,-0.12999999999999545,0.7955188679245282,0.7721022012578582,0,0,0,0
185,-1700.0000000001594,-1700.0000000001594,0,0,3,0,0.8055188679245191,0.7724355345911916,0,0,0,0
186,-1700.0000000001594,-1700.0000000001594,0,1,1,0,0.7855188679245231,0.7728522012578583,0,0,0,0
187,-1700.0000000001594,-1700.0000000001594,0,1,1,0.030000000000001137,0.7555188679245219,0.7731022012578582,0,0,0,0
188,-1700.0000000001594,-1700.0000000001594,0,1,2,0.01999999999999602,0.7655188679245271,0.7736855345911915,0,0,0,0
189,-1700.0000000001594,-1700.0000000001594,0,1,0,0.0,0.7855188679245231,0.7737688679245249,0,0,0,0
190,-1700.0000000001594,-1700.0000000001594,0,1,1,0.009999999999990905,0.7755188679245322,0.7740188679245249,0,0,0,0
191,-1700.0000000001594,-1700.0000000001594,0,1,0,0.030000000000001137,0.7555188679245219,0.7747688679245249,0,0,0,0
192,-1700.0000000001594,-1700.0000000001594,0,1,0,0.0,0.7855188679245231,0.7747688679245249,0,0,0,0
193,-1700.0000000001594,-1700.0000000001594,0,1,2,0.009999999999990905,0.7755188679245322,0.7750188679245249,0,0,0,0
194,-1700.0000000001594,-1700.0000000001594,0,1,1,0.01999999999999602,0.7655188679245271,0.7751855345911917,0,0,0,0
195,-1700.0000000001594,-1700.0000000001594,0,1,1,0.01999999999999602,0.7655188679245271,0.7752688679245251,0,0,0,0
196,-1700.0000000001594,-1700.0000000001594,0,1,2,0.030000000000001137,0.7555188679245219,0.7759355345911917,0,0,0,0
197,-1700.0000000001594,-1700.0000000001594,0,1,2,0.01999999999999602,0.7655188679245271,0.7759355345911917,0,0,0,0
198,-1800.0000000002105,-1800.0000000002105,-100.00000000005116,0,3,-0.010000000000005116,0.7955188679245282,0.7766022012578584,0,0,0,0
199,-1800.0000000002105,-1800.0000000002105,0,0,3,0,0.7755188679245322,0.7769355345911918,0,0,0,0
200,-1800.0000000002105,-1800.0000000002105,0,0,0,0,0.7555188679245219,0.7776855345911918,0,0,0,0
201,-1800.0000000002105,-1800.0000000002105,0,2,2,0,0.7755188679245322,0.7782688679245251,0,0,0,0
202,-1800.0000000002105,-1800.0000000002105,0,2,0,-0.030000000000001137,0.745518867924531,0.7784355345911919,0,0,0,0
203,-1800.0000000002105,-1800.0000000002105,0,2,0,0.029999999999986926,0.8055188679245191,0.7789355345911918,0,0,0,0
204,-1800.0000000002105,-1800.0000000002105,0,2,2,0.01999999999999602,0.7955188679245282,0.7793522012578584,0,0,0,0
205,-1800.0000000002105,-1800.0000000002105,0,2,1,0.029999999999986926,0.8055188679245191,0.7796855345911918,0,0,0,0
206,-1600.0000000002503,-1600.0000000002503,199.9999999999602,0,3,0.01999999999999602,0.7955188679245282,0.7806855345911917,0,0,0,0
207,-1600.0000000002503,-1600.0000000002503,0,2,2,0,0.7855188679245231,0.7810188679245251,0,0,0,0
208,-1600.0000000002503,-1600.0000000002503,0,2,0,0.01999999999999602,0.8055188679245191,0.7818522012578585,0,0,0,0
209,-1600.0000000002503,-1600.0000000002503,0,2,2,0.0,0.7855188679245231,0.7822688679245251,0,0,0,0
210,-1600.0000000002503,-1600.0000000002503,0,2,1,-0.060000000000002274,0.7255188679245208,0.7825188679245251,0,0,0,0
211,-1600.0000000002503,-1600.0000000002503,0,2,1,-0.060000000000002274,0.7255188679245208,0.7822688679245251,0,0,0,0
212,-1600.0000000002503,-1600.0000000002503,0,2,0,-0.03999999999999204,0.745518867924531,0.7838522012578584,0,0,0,0
213,-1700.0000000001594,-1700.0000000001594,-99.99999999990905,0,3,-0.009999999999990905,0.7755188679245322,0.7837688679245252,0,0,0,0
214,-1700.0000000001594,-1700.0000000001594,0,1,1,0,0.8255188679245293,0.7845188679245252,0,0,0,0
215,-1700.0000000001594,-1700.0000000001594,0,1,0,-0.009999999999990905,0.8355188679245202,0.7851022012578586,0,0,0,0
216,-1700.0000000001594,-1700.0000000001594,0,1,1,-0.030000000000001137,0.8555188679245305,0.7863522012578585,0,0,0,0
217,-1700.0000000001594,-1700.0000000001594,0,1,2,0.10000000000000853,0.7255188679245208,0.7877688679245252,0,0,0,0
218,-1700.0000000001594,-1700.0000000001594,0,1,2,0.060000000000002274,0.7655188679245271,0.7875188679245252,0,0,0,0
219,-1700.0000000001594,-1700.0000000001594,0,1,0,0.030000000000001137,0.7955188679245282,0.7881855345911918,0,0,0,0
220,-1700.0000000001594,-1700.0000000001594,0,1,1,-0.01999999999999602,0.8455188679245254,0.7891022012578585,0,0,0,0
221,-1700.0000000001594,-1700.0000000001594,0,1,0,-0.1599999999999966,0.9855188679245259,0.7898522012578585,0,0,0,0
222,-2900.0000000000628,-2900.0000000000628,-1199.9999999999034,0,3,-0.11999999999999034,0.9455188679245197,0.7917688679245252,0,0,0,0
223,-2900.0000000000628,-2900.0000000000628,0,1,1,0,0.8955188679245225,0.7933522012578585,0,0,0,0
224,-2900.0000000000628,-2900.0000000000628,0,1,1,0.030000000000001137,0.8655188679245214,0.7945188679245252,0,0,0,0
225,-2900.0000000000628,-2900.0000000000628,0,1,2,0.030000000000001137,0.8655188679245214,0.7954355345911919,0,0,0,0
226,-2900.0000000000628,-2900.0000000000628,0,1,0,0.06999999999999318,0.8255188679245293,0.7963522012578585,0,0,0,0
227,-2900.0000000000628,-2900.0000000000628,0,1,2,0.09999999999999432,0.7955188679245282,0.7975188679245252,0,0,0,0
228,-2000.0000000000286,-2000.0000000000286,900.0000000000341,0,3,0.09000000000000341,0.8055188679245191,0.7978522012578586,0,0,0,0
229,-2000.0000000000286,-2000.0000000000286,0,1,1,0,0.7855188679245231,0.7988522012578585,0,0,0,0
230,-2000.0000000000286,-2000.0000000000286,0,1,0,0.009999999999990905,0.7755188679245322,0.7991022012578585,0,0,0,0
231,-1900.0000000001196,-1900.0000000001196,99.99999999990905,0,3,0.009999999999990905,0.7755188679245322,0.7998522012578585,0,0,0,0
232,-1900.0000000001196,-1900.0000000001196,0,1,1,0,0.7855188679245231,0.8006022012578585,0,0,0,0
233,-1900.0000000001196,-1900.0000000001196,0,1,0,0.009999999999990905,0.7755188679245322,0.8008522012578586,0,0,0,0
234,-1900.0000000001196,-1900.0000000001196,0,1,2,-0.04000000000000625,0.8255188679245293,0.8016022012578586,0,0,0,0
235,-1900.0000000001196,-1900.0000000001196,0,1,1,-0.0799999999999983,0.8655188679245214,0.8027688679245253,0,0,0,0
236,-2700.000000000103,-2700.000000000103,-799.999999999983,0,3,-0.0799999999999983,0.8655188679245214,0.803685534591192,0,0,0,0
237,-2700.000000000103,-2700.000000000103,0,2,2,0,0.8455188679245254,0.8071022012578586,0,0,0,0
238,-2700.000000000103,-2700.000000000103,0,2,1,0.030000000000001137,0.8755188679245265,0.8078522012578586,0,0,0,0
239,-2700.000000000103,-2700.000000000103,0,2,1,0.0,0.8455188679245254,0.8094355345911919,0,0,0,0
240,-2700.000000000103,-2700.000000000103,0,2,0,0.010000000000005116,0.8555188679245305,0.8101855345911919,0,0,0,0
241,-3000.000000000114,-3000.000000000114,-300.00000000001137,0,3,-0.030000000000001137,0.8155188679245242,0.8116022012578586,0,0,0,0
242,-3000.000000000114,-3000.000000000114,0,0,3,0,0.8055188679245191,0.812685534591192,0,0,0,0
243,-3000.000000000114,-3000.000000000114,0,1,1,0,0.8055188679245191,0.8131022012578586,0,0,0,0
244,-3000.000000000114,-3000.000000000114,0,1,2,0.03999999999999204,0.7655188679245271,0.8141022012578585,0,0,0,0
245,-3000.000000000114,-3000.000000000114,0,1,1,0.03999999999999204,0.7655188679245271,0.8141855345911918,0,0,0,0
246,-3000.000000000114,-3000.000000000114,0,1,2,0.04999999999999716,0.7555188679245219,0.8142688679245252,0,0,0,0
247,-2100.000000000222,-2100.000000000222,899.999999999892,0,3,0.0899999999999892,0.7155188679245299,0.8142688679245252,0,0,0,0
248,-2100.000000000222,-2100.000000000222,0,0,3,0,0.3755188679245265,0.8145188679245252,0,0,0,0
249,-2100.000000000222,-2100.000000000222,0,2,2,0,0.41551886792453274,0.8119355345911919,0,0,0,0
250,-2300.0000000003242,-2300.0000000003242,-200.00000000010232,0,3,-0.020000000000010232,0.3955188679245225,0.809685534591192,0,0,0,0
251,-2300.0000000003242,-2300.0000000003242,0,1,1,0,0.43551886792452876,0.806685534591192,0,0,0,0
252,-2300.0000000003242,-2300.0000000003242,0,1,1,0.04000000000000625,0.3955188679245225,0.8040188679245254,0,0,0,0
253,-2300.0000000003242,-2300.0000000003242,0,1,0,0.07000000000000739,0.3655188679245214,0.8016022012578586,0,0,0,0
254,-2300.0000000003242,-2300.0000000003242,0,1,0,0.030000000000001137,0.4055188679245276,0.7983522012578586,0,0,0,0
255,-2300.0000000003242,-2300.0000000003242,0,1,2,0.04000000000000625,0.3955188679245225,0.795435534591192,0,0,0,0
256,-1600.0000000002503,-1600.0000000002503,700.0000000000739,0,3,0.07000000000000739,0.3655188679245214,0.7930188679245253,0,0,0,0
257,-1600.0000000002503,-1600.0000000002503,0,1,1,0,0.3855188679245316,0.7907688679245252,0,0,0,0
258,-1600.0000000002503,-1600.0000000002503,0,1,2,0.020000000000010232,0.3655188679245214,0.7879355345911919,0,0,0,0
259,-1600.0000000002503,-1600.0000000002503,0,1,2,-0.009999999999990905,0.3955188679245225,0.7847688679245252,0,0,0,0
260,-1600.0000000002503,-1600.0000000002503,0,1,1,-0.009999999999990905,0.3955188679245225,0.7817688679245252,0,0,0,0
261,-1600.0000000002503,-1600.0000000002503,0,1,1,0.020000000000010232,0.3655188679245214,0.7777688679245252,0,0,0,0
262,-1600.0000000002503,-1600.0000000002503,0,1,2,-0.009999999999990905,0.3955188679245225,0.7735188679245251,0,0,0,0
263,-1600.0000000002503,-1600.0000000002503,0,1,1,0.0,0.3855188679245316,0.7691855345911917,0,0,0,0
264,-1600.0000000002503,-1600.0000000002503,0,1,2,0.0,0.3855188679245316,0.7651855345911918,0,0,0,0
265,-1600.0000000002503,-1600.0000000002503,0,1,0,-0.009999999999990905,0.3955188679245225,0.7611855345911919,0,0,0,0
266,-1600.0000000002503,-1600.0000000002503,0,1,0,0.0,0.3855188679245316,0.7570188679245252,0,0,0,0
267,-1600.0000000002503,-1600.0000000002503,0,1,2,-0.01999999999999602,0.4055188679245276,0.7527688679245252,0,0,0,0
268,-1600.0000000002503,-1600.0000000002503,0,1,1,-0.03999999999999204,0.42551886792452365,0.7487688679245252,0,0,0,0
269,-1600.0000000002503,-1600.0000000002503,0,1,0,-0.030000000000001137,0.41551886792453274,0.7449355345911919,0,0,0,0
270,-1600.0000000002503,-1600.0000000002503,0.0,0,3,0.0,0.3855188679245316,0.7414355345911919,0,0,0,0
271,-1600.0000000002503,-1600.0000000002503,0,2,2,0,0.3955188679245225,0.7376022012578587,0,0,0,0
272,-1600.0000000002503,-1600.0000000002503,0,2,1,0.030000000000001137,0.42551886792452365,0.7338522012578587,0,0,0,0
273,-1600.0000000002503,-1600.0000000002503,0,2,2,0.0,0.3955188679245225,0.7306022012578587,0,0,0,0
274,-1600.0000000002503,-1600.0000000002503,0.0,0,3,0.0,0.3955188679245225,0.726935534591192,0,0,0,0
275,-1600.0000000002503,-1600.0000000002503,0,1,1,0,0.3955188679245225,0.7235188679245254,0,0,0,0
276,-1600.0000000002503,-1600.0000000002503,0,1,1,0.01999999999999602,0.3755188679245265,0.719935534591192,0,0,0,0
277,-1600.0000000002503,-1600.0000000002503,0,1,2,0.009999999999990905,0.3855188679245316,0.7161022012578587,0,0,0,0
278,-1800.0000000003527,-1800.0000000003527,-200.00000000010232,0,3,-0.020000000000010232,0.41551886792453274,0.7129355345911921,0,0,0,0
279,-1800.0000000003527,-1800.0000000003527,0,0,3,0,0.4055188679245276,0.7094355345911921,0,0,0,0
280,-1800.0000000003527,-1800.0000000003527,0,2,2,0,0.4655188679245299,0.7062688679245255,0,0,0,0
281,-1800.0000000003527,-1800.0000000003527,0,2,1,-0.04999999999999716,0.41551886792453274,0.7031022012578589,0,0,0,0
282,-1800.0000000003527,-1800.0000000003527,0,2,1,-0.0799999999999983,0.3855188679245316,0.699602201257859,0,0,0,0
283,-2600.0000000003356,-2600.0000000003356,-799.999999999983,0,3,-0.0799999999999983,0.3855188679245316,0.6958522012578591,0,0,0,0
284,-2600.0000000003356,-2600.0000000003356,0,2,2,0,0.3755188679245265,0.6921022012578592,0,0,0,0
285,-2600.0000000003356,-2600.0000000003356,0,2,0,0.030000000000001137,0.4055188679245276,0.6883522012578591,0,0,0,0
286,-2600.0000000003356,-2600.0000000003356,0,2,1,0.01999999999999602,0.3955188679245225,0.6851855345911926,0,0,0,0
287,-2600.0000000003356,-2600.0000000003356,0,2,2,-0.010000000000005116,0.3655188679245214,0.6816022012578592,0,0,0,0
288,-2600.0000000003356,-2600.0000000003356,0,2,1,-0.010000000000005116,0.3655188679245214,0.6778522012578592,0,0,0,0
289,-2500.0000000002847,-2500.0000000002847,100.00000000005116,0,3,0.010000000000005116,0.3855188679245316,0.6741855345911925,0,0,0,0
290,-2500.0000000002847,-2500.0000000002847,0,0,3,0,0.3855188679245316,0.6706022012578592,0,0,0,0
291,-2500.0000000002847,-2500.0000000002847,0,0,3,0,0.42551886792452365,0.6668522012578593,0,0,0,0
292,-2500.0000000002847,-2500.0000000002847,0,0,0,0,0.44551886792451967,0.6633522012578593,0,0,0,0
293,-2500.0000000002847,-2500.0000000002847,0,1,1,0,0.3855188679245316,0.6593522012578592,0,0,0,0
294,-2500.0000000002847,-2500.0000000002847,0,1,1,0.020000000000010232,0.3655188679245214,0.6547688679245259,0,0,0,0
295,-2300.0000000001824,-2300.0000000001824,200.00000000010232,0,3,0.020000000000010232,0.3655188679245214,0.6500188679245259,0,0,0,0
296,-2300.0000000001824,-2300.0000000001824,0,2,2,0,0.3855188679245316,0.6452688679245259,0,0,0,0
297,-2300.0000000001824,-2300.0000000001824,0,2,0,0.009999999999990905,0.3955188679245225,0.6407688679245259,0,0,0,0
298,-2300.0000000001824,-2300.0000000001824,0,2,0,0.0,0.3855188679245316,0.6362688679245259,0,0,0,0
299,-2300.0000000001824,-2300.0000000001824,0.0,0,3,0.0,0.3855188679245316,0.6318522012578591,0,0,0,0
300,-2300.0000000001824,-2300.0000000001824,0,0,3,0,0.3955188679245225,0.6275188679245258,0,0,0,0
301,-2300.0000000001824,-2300.0000000001824,0,2,2,0,0.3655188679245214,0.6231022012578592,0,0,0,0
302,-2000.000000000171,-2000.000000000171,300.00000000001137,0,3,0.030000000000001137,0.3955188679245225,0.6184355345911925,0,0,0,0
303,-2000.000000000171,-2000.000000000171,0,0,3,0,0.3755188679245265,0.6141022012578591,0,0,0,0
304,-2000.000000000171,-2000.000000000171,0,1,1,0,0.3955188679245225,0.6100188679245258,0,0,0,0
305,-2000.000000000171,-2000.000000000171,0,1,2,0.03999999999999204,0.35551886792453047,0.6066855345911925,0,0,0,0
306,-2000.000000000171,-2000.000000000171,0,1,1,0.030000000000001137,0.3655188679245214,0.6029355345911925,0,0,0,0
307,-2000.000000000171,-2000.000000000171,0,1,0,0.009999999999990905,0.3855188679245316,0.5994355345911925,0,0,0,0
308,-1600.0000000002506,-1600.0000000002506,399.9999999999204,0,3,0.03999999999999204,0.35551886792453047,0.5963522012578593,0,0,0,0
309,-1600.0000000002506,-1600.0000000002506,0,1,1,0,0.3755188679245265,0.5929355345911926,0,0,0,0
310,-1600.0000000002506,-1600.0000000002506,0,1,2,0.010000000000005116,0.3655188679245214,0.5895188679245259,0,0,0,0
311,-1600.0000000002506,-1600.0000000002506,0,1,0,0.0,0.3755188679245265,0.5861022012578592,0,0,0,0
312,-1600.0000000002506,-1600.0000000002506,0,1,0,0.01999999999999602,0.35551886792453047,0.5829355345911925,0,0,0,0
313,-1600.0000000002506,-1600.0000000002506,0,1,1,-0.010000000000005116,0.3855188679245316,0.5793522012578592,0,0,0,0
314,-1600.0000000002506,-1600.0000000002506,0,1,0,0.04999999999999716,0.32551886792452933,0.5761022012578593,0,0,0,0
315,-1600.0000000002506,-1600.0000000002506,0,1,0,-0.010000000000005116,0.3855188679245316,0.5724355345911927,0,0,0,0
316,-1600.0000000002506,-1600.0000000002506,0,1,1,0.01999999999999602,0.35551886792453047,0.569268867924526,0,0,0,0
317,-1600.0000000002506,-1600.0000000002506,0,1,2,0.010000000000005116,0.3655188679245214,0.5659355345911927,0,0,0,0
318,-1600.0000000002506,-1600.0000000002506,0,1,1,0.010000000000005116,0.3655188679245214,0.5626022012578594,0,0,0,0
319,-1300.0000000002392,-1300.0000000002392,300.00000000001137,0,3,0.030000000000001137,0.34551886792452535,0.5590188679245259,0,0,0,0
320,-1300.0000000002392,-1300.0000000002392,0,1,1,0,0.3655188679245214,0.5554355345911925,0,0,0,0
321,-1300.0000000002392,-1300.0000000002392,0,1,2,-0.010000000000005116,0.3755188679245265,0.5521855345911926,0,0,0,0
322,-1500.0000000003415,-1500.0000000003415,-200.00000000010232,0,3,-0.020000000000010232,0.3855188679245316,0.5488522012578592,0,0,0,0
323,-1500.0000000003415,-1500.0000000003415,0,0,3,0,0.35551886792453047,0.5458522012578592,0,0,0,0
324,-1500.0000000003415,-1500.0000000003415,0,2,2,0,0.4055188679245276,0.5421022012578594,0,0,0,0
325,-2700.000000000387,-2700.000000000387,-1200.0000000000455,0,3,-0.12000000000000455,0.2855188679245231,0.5388522012578593,0,0,0,0
326,-2700.000000000387,-2700.000000000387,0,2,2,0,0.3855188679245316,0.534518867924526,0,0,0,0
327,-3100.0000000004493,-3100.0000000004493,-400.0000000000625,0,3,-0.04000000000000625,0.34551886792452535,0.5311022012578593,0,0,0,0
328,-3100.0000000004493,-3100.0000000004493,0,0,3,0,0.3855188679245316,0.5274355345911927,0,0,0,0
329,-3100.0000000004493,-3100.0000000004493,0,2,2,0,0.34551886792452535,0.5239355345911928,0,0,0,0
330,-3100.0000000004493,-3100.0000000004493,0,2,1,0.04000000000000625,0.3855188679245316,0.5202688679245262,0,0,0,0
331,-3100.0000000004493,-3100.0000000004493,0,2,1,0.030000000000001137,0.3755188679245265,0.517435534591193,0,0,0,0
332,-3100.0000000004493,-3100.0000000004493,0,2,2,0.04999999999999716,0.3955188679245225,0.5145188679245263,0,0,0,0
333,-2900.0000000004893,-2900.0000000004893,199.9999999999602,0,3,0.01999999999999602,0.3655188679245214,0.5116022012578596,0,0,0,0
334,-2900.0000000004893,-2900.0000000004893,0,0,3,0,0.3855188679245316,0.5081855345911929,0,0,0,0
335,-2900.0000000004893,-2900.0000000004893,0,0,0,0,0.3755188679245265,0.5045188679245262,0,0,0,0
336,-2900.0000000004893,-2900.0000000004893,0,2,2,0,0.3855188679245316,0.5006855345911929,0,0,0,0
337,-2900.0000000004893,-2900.0000000004893,0,2,0,-0.010000000000005116,0.3755188679245265,0.49676886792452624,0,0,0,0
338,-2900.0000000004893,-2900.0000000004893,0,2,1,0.0,0.3855188679245316,0.4938522012578596,0,0,0,0
339,-3100.0000000005916,-3100.0000000005916,-200.00000000010232,0,3,-0.020000000000010232,0.3655188679245214,0.49068553459119296,0,0,0,0
340,-3100.0000000005916,-3100.0000000005916,0,2,2,0,0.43551886792452876,0.4871022012578596,0,0,0,0
341,-3100.0000000005916,-3100.0000000005916,0,2,2,-0.060000000000002274,0.3755188679245265,0.48368553459119296,0,0,0,0
342,-3100.0000000005916,-3100.0000000005916,0,2,1,-0.030000000000001137,0.4055188679245276,0.4786022012578596,0,0,0,0
343,-3100.0000000005916,-3100.0000000005916,0,2,2,-0.04000000000000625,0.3955188679245225,0.4741022012578597,0,0,0,0
344,-3100.0000000005916,-3100.0000000005916,0,2,2,0.0,0.43551886792452876,0.469935534591193,0,0,0,0
345,-3100.0000000005916,-3100.0000000005916,0,2,0,-0.010000000000005116,0.42551886792452365,0.46635220125785976,0,0,0,0
346,-3100.0000000005916,-3100.0000000005916,0,2,0,-0.04000000000000625,0.3955188679245225,0.4626855345911931,0,0,0,0
347,-3100.0000000005916,-3100.0000000005916,0,2,2,-0.010000000000005116,0.42551886792452365,0.4591022012578597,0,0,0,0
348,-3100.0000000005916,-3100.0000000005916,0,2,2,-0.01999999999999602,0.41551886792453274,0.45601886792452634,0,0,0,0
349,-3100.0000000005916,-3100.0000000005916,0,2,0,0.009999999999990905,0.44551886792451967,0.4527688679245265,0,0,0,0
350,-3200.000000000643,-3200.000000000643,-100.00000000005116,0,3,-0.010000000000005116,0.42551886792452365,0.4499355345911931,0,0,0,0
351,-3200.000000000643,-3200.000000000643,0,2,2,0,0.42551886792452365,0.44701886792452633,0,0,0,0
352,-3200.000000000643,-3200.000000000643,0,2,1,-0.01999999999999602,0.4055188679245276,0.4441022012578596,0,0,0,0
353,-3600.0000000005634,-3600.0000000005634,-399.9999999999204,0,3,-0.03999999999999204,0.3855188679245316,0.440935534591193,0,0,0,0
354,-3600.0000000005634,-3600.0000000005634,0,2,2,0,0.4055188679245276,0.43768553459119297,0,0,0,0
355,-3600.0000000005634,-3600.0000000005634,0,2,0,0.03999999999999204,0.44551886792451967,0.43418553459119297,0,0,0,0
356,-3600.0000000005634,-3600.0000000005634,0.0,0,3,0.0,0.4055188679245276,0.43068553459119296,0,0,0,0
357,-3600.0000000005634,-3600.0000000005634,0,0,0,0,0.42551886792452365,0.42685220125785966,0,0,0,0
358,-3600.0000000005634,-3600.0000000005634,0,0,3,0,0.4055188679245276,0.42335220125785966,0,0,0,0
359,-3600.0000000005634,-3600.0000000005634,0,1,1,0,0.44551886792451967,0.419435534591193,0,0,0,0
360,-3600.0000000005634,-3600.0000000005634,0,1,1,0.029999999999986926,0.41551886792453274,0.4161022012578596,0,0,0,0
361,-3600.0000000005634,-3600.0000000005634,0,1,2,0.029999999999986926,0.41551886792453274,0.412435534591193,0,0,0,0
362,-3500.0000000006544,-3500.0000000006544,99.99999999990905,0,3,0.009999999999990905,0.43551886792452876,0.40910220125785973,0,0,0,0
363,-3500.0000000006544,-3500.0000000006544,0,2,2,0,0.43551886792452876,0.40601886792452646,0,0,0,0
364,-3500.0000000006544,-3500.0000000006544,0,2,1,-0.010000000000005116,0.42551886792452365,0.4029355345911932,0,0,0,0
365,-3500.0000000006544,-3500.0000000006544,0.0,0,3,0.0,0.43551886792452876,0.40010220125785984,0,0,0,0
366,-3500.0000000006544,-3500.0000000006544,0,2,2,0,0.3855188679245316,0.39735220125785986,0,0,0,0
367,-3500.0000000006544,-3500.0000000006544,0,2,2,-0.020000000000010232,0.3655188679245214,0.3942688679245266,0,0,0,0
368,-3300.000000000694,-3300.000000000694,199.9999999999602,0,3,0.01999999999999602,0.4055188679245276,0.39135220125785986,0,0,0,0
369,-3300.000000000694,-3300.000000000694,0,0,3,0,0.4055188679245276,0.3916022012578599,0,0,0,0
370,-3300.000000000694,-3300.000000000694,0,0,0,0,0.4055188679245276,0.3915188679245265,0,0,0,0
371,-3300.000000000694,-3300.000000000694,0,2,2,0,0.3655188679245214,0.3916022012578599,0,0,0,0
372,-3300.000000000694,-3300.000000000694,0,2,0,0.030000000000001137,0.3955188679245225,0.3910188679245265,0,0,0,0
373,-3300.000000000694,-3300.000000000694,0,2,1,0.05000000000001137,0.41551886792453274,0.3910188679245265,0,0,0,0
374,-3300.000000000694,-3300.000000000694,0,2,2,0.04000000000000625,0.4055188679245276,0.39143553459119323,0,0,0,0
375,-3300.000000000694,-3300.000000000694,0,2,2,0.030000000000001137,0.3955188679245225,0.39143553459119323,0,0,0,0
376,-2700.000000000671,-2700.000000000671,600.0000000000227,0,3,0.060000000000002274,0.42551886792452365,0.39143553459119323,0,0,0,0
377,-2700.000000000671,-2700.000000000671,0,0,3,0,0.3955188679245225,0.3919355345911933,0,0,0,0
378,-2700.000000000671,-2700.000000000671,0,2,2,0,0.3855188679245316,0.3920188679245265,0,0,0,0
379,-3000.0000000006826,-3000.0000000006826,-300.00000000001137,0,3,-0.030000000000001137,0.35551886792453047,0.39218553459119326,0,0,0,0
380,-3000.0000000006826,-3000.0000000006826,0,2,2,0,0.3855188679245316,0.39185220125786,0,0,0,0
381,-3000.0000000006826,-3000.0000000006826,0,2,0,-0.010000000000005116,0.3755188679245265,0.39176886792452675,0,0,0,0
382,-3000.0000000006826,-3000.0000000006826,0,2,0,-0.020000000000010232,0.3655188679245214,0.39185220125786013,0,0,0,0
383,-3000.0000000006826,-3000.0000000006826,0,2,1,-0.010000000000005116,0.3755188679245265,0.3916022012578601,0,0,0,0
384,-3000.0000000006826,-3000.0000000006826,0,2,0,-0.020000000000010232,0.3655188679245214,0.3915188679245267,0,0,0,0
385,-3000.0000000006826,-3000.0000000006826,0,2,2,-0.030000000000001137,0.35551886792453047,0.39135220125785997,0,0,0,0
386,-3000.0000000006826,-3000.0000000006826,0,2,1,-0.010000000000005116,0.3755188679245265,0.3910188679245267,0,0,0,0
387,-3000.0000000006826,-3000.0000000006826,0,2,1,-0.010000000000005116,0.3755188679245265,0.39093553459119335,0,0,0,0
388,-3000.0000000006826,-3000.0000000006826,0,2,2,0.0799999999999983,0.4655188679245299,0.3906855345911933,0,0,0,0
389,-3000.0000000006826,-3000.0000000006826,0,2,2,0.10999999999999943,0.49551886792453104,0.3910188679245267,0,0,0,0
390,-1600.000000000677,-1600.000000000677,1400.0000000000057,0,3,0.14000000000000057,0.5255188679245322,0.3916855345911934,0,0,0,0
391,-1600.000000000677,-1600.000000000677,0,1,1,0,0.4555188679245248,0.39285220125786,0,0,0,0
392,-1200.0000000007565,-1200.0000000007565,399.9999999999204,0,3,0.03999999999999204,0.41551886792453274,0.3933522012578601,0,0,0,0
393,-1200.0000000007565,-1200.0000000007565,0,0,3,0,0.3955188679245225,0.3932688679245268,0,0,0,0
394,-1200.0000000007565,-1200.0000000007565,0,0,0,0,0.42551886792452365,0.3932688679245268,0,0,0,0
395,-1200.0000000007565,-1200.0000000007565,0,0,3,0,0.44551886792451967,0.39351886792452684,0,0,0,0
396,-1200.0000000007565,-1200.0000000007565,0,2,2,0,0.4555188679245248,0.39393553459119346,0,0,0,0
397,-1200.0000000007565,-1200.0000000007565,0,2,2,-0.010000000000005116,0.44551886792451967,0.3946022012578601,0,0,0,0
398,-800.000000000694,-800.000000000694,400.0000000000625,0,3,0.04000000000000625,0.49551886792453104,0.39510220125786,0,0,0,0
399,-800.000000000694,-800.000000000694,0,2,2,0,0.49551886792453104,0.39576886792452665,0,0,0,0
400,-900.0000000007451,-900.0000000007451,-100.00000000005116,0,3,-0.010000000000005116,0.4855188679245259,0.3965188679245267,0,0,0,0
401,-900.0000000007451,-900.0000000007451,0,0,0,0,0.5055188679245219,0.3966855345911933,0,0,0,0
402,-900.0000000007451,-900.0000000007451,0,0,3,0,0.4655188679245299,0.39743553459119324,0,0,0,0
403,-900.0000000007451,-900.0000000007451,0,0,3,0,0.4555188679245248,0.3981022012578599,0,0,0,0
404,-900.0000000007451,-900.0000000007451,0,1,1,0,0.44551886792451967,0.39868553459119316,0,0,0,0
405,-900.0000000007451,-900.0000000007451,0,1,0,0.009999999999990905,0.43551886792452876,0.3992688679245264,0,0,0,0
406,-900.0000000007451,-900.0000000007451,0,1,1,0.0,0.44551886792451967,0.39951886792452646,0,0,0,0
407,-900.0000000007451,-900.0000000007451,0,1,0,0.03999999999999204,0.4055188679245276,0.3999355345911931,0,0,0,0
408,-900.0000000007451,-900.0000000007451,0,1,2,0.03999999999999204,0.4055188679245276,0.4002688679245265,0,0,0,0
409,-900.0000000007451,-900.0000000007451,0,1,2,0.01999999999999602,0.42551886792452365,0.4006022012578599,0,0,0,0
410,-900.0000000007451,-900.0000000007451,0,1,1,0.01999999999999602,0.42551886792452365,0.40093553459119313,0,0,0,0
411,-900.0000000007451,-900.0000000007451,0,1,2,0.009999999999990905,0.43551886792452876,0.4012688679245264,0,0,0,0
412,-900.0000000007451,-900.0000000007451,0,1,1,0.03999999999999204,0.4055188679245276,0.40135220125785975,0,0,0,0
413,-600.0000000008758,-600.0000000008758,299.99999999986926,0,3,0.029999999999986926,0.41551886792453274,0.4010188679245265,0,0,0,0
414,-600.0000000008758,-600.0000000008758,0,0,3,0,0.3955188679245225,0.40126886792452654,0,0,0,0
415,-600.0000000008758,-600.0000000008758,0,0,3,0,0.3955188679245225,0.4015188679245265,0,0,0,0
416,-600.0000000008758,-600.0000000008758,0,0,0,0,0.41551886792453274,0.40176886792452654,0,0,0,0
417,-600.0000000008758,-600.0000000008758,0,0,0,0,0.3955188679245225,0.40201886792452657,0,0,0,0
418,-600.0000000008758,-600.0000000008758,0,0,0,0,0.3755188679245265,0.40201886792452657,0,0,0,0
419,-600.0000000008758,-600.0000000008758,0,2,2,0,0.3755188679245265,0.4019355345911932,0,0,0,0
420,-600.0000000008758,-600.0000000008758,0,2,0,0.04000000000000625,0.41551886792453274,0.4018522012578598,0,0,0,0
421,-600.0000000008758,-600.0000000008758,0,2,0,0.030000000000001137,0.4055188679245276,0.40201886792452657,0,0,0,0
422,-600.0000000008758,-600.0000000008758,0,2,2,-0.01999999999999602,0.35551886792453047,0.4023522012578599,0,0,0,0
423,-600.0000000008758,-600.0000000008758,0,2,2,0.010000000000005116,0.3855188679245316,0.4020188679245267,0,0,0,0
424,-600.0000000008758,-600.0000000008758,0,2,0,0.0,0.3755188679245265,0.40210220125786006,0,0,0,0
425,-600.0000000008758,-600.0000000008758,0,2,0,0.0,0.3755188679245265,0.4019355345911934,0,0,0,0
426,-600.0000000008758,-600.0000000008758,0,2,0,-0.01999999999999602,0.35551886792453047,0.40210220125786006,0,0,0,0
427,-600.0000000008758,-600.0000000008758,0,2,1,0.0,0.3755188679245265,0.4020188679245268,0,0,0,0
428,-600.0000000008758,-600.0000000008758,0,2,0,-0.010000000000005116,0.3655188679245214,0.4019355345911934,0,0,0,0
429,-800.000000000836,-800.000000000836,-199.9999999999602,0,3,-0.01999999999999602,0.35551886792453047,0.4020188679245267,0,0,0,0
430,-800.000000000836,-800.000000000836,0,2,2,0,0.3655188679245214,0.40185220125786003,0,0,0,0
431,-700.0000000007849,-700.0000000007849,100.00000000005116,0,3,0.010000000000005116,0.3755188679245265,0.40185220125786003,0,0,0,0
432,-700.0000000007849,-700.0000000007849,0,0,3,0,0.3655188679245214,0.40185220125786003,0,0,0,0
433,-700.0000000007849,-700.0000000007849,0,1,1,0,0.35551886792453047,0.4019355345911933,0,0,0,0
434,-700.0000000007849,-700.0000000007849,0,1,1,0.0,0.35551886792453047,0.40168553459119327,0,0,0,0
435,-700.0000000007849,-700.0000000007849,0,1,2,-0.030000000000001137,0.3855188679245316,0.4019355345911933,0,0,0,0
436,-700.0000000007849,-700.0000000007849,0,1,2,-0.030000000000001137,0.3855188679245316,0.4019355345911933,0,0,0,0
437,-700.0000000007849,-700.0000000007849,0,1,0,-0.0799999999999983,0.43551886792452876,0.40218553459119327,0,0,0,0
438,-700.0000000007849,-700.0000000007849,0,1,1,-0.030000000000001137,0.3855188679245316,0.4027688679245267,0,0,0,0
439,-1200.0000000007565,-1200.0000000007565,-499.9999999999716,0,3,-0.04999999999999716,0.4055188679245276,0.40293553459119347,0,0,0,0
440,-1200.0000000007565,-1200.0000000007565,0,0,3,0,0.44551886792451967,0.40343553459119347,0,0,0,0
441,-1200.0000000007565,-1200.0000000007565,0,1,1,0,0.4655188679245299,0.4041022012578601,0,0,0,0
442,-1200.0000000007565,-1200.0000000007565,0.0,0,3,0.0,0.4655188679245299,0.40485220125786014,0,0,0,0
443,-1200.0000000007565,-1200.0000000007565,0,2,2,0,0.4655188679245299,0.4055188679245268,0,0,0,0
444,-1200.0000000007565,-1200.0000000007565,0,2,0,0.01999999999999602,0.4855188679245259,0.40643553459119347,0,0,0,0
445,-1200.0000000007565,-1200.0000000007565,0,2,2,0.009999999999990905,0.4755188679245208,0.4071022012578601,0,0,0,0
446,-1200.0000000007565,-1200.0000000007565,0,2,2,0.0,0.4655188679245299,0.40868553459119344,0,0,0,0
447,-1000.0000000007963,-1000.0000000007963,199.9999999999602,0,3,0.01999999999999602,0.4855188679245259,0.4093522012578601,0,0,0,0
448,-1000.0000000007963,-1000.0000000007963,0,1,1,0,0.4755188679245208,0.41051886792452674,0,0,0,0
449,-1000.0000000007963,-1000.0000000007963,0,1,0,0.03999999999999204,0.43551886792452876,0.41126886792452666,0,0,0,0
450,-1000.0000000007963,-1000.0000000007963,0,1,1,0.05999999999998806,0.41551886792453274,0.4120188679245267,0,0,0,0
451,-1000.0000000007963,-1000.0000000007963,0,1,2,0.04999999999999716,0.42551886792452365,0.4122688679245267,0,0,0,0
452,-1000.0000000007963,-1000.0000000007963,0,1,1,0.04999999999999716,0.42551886792452365,0.41268553459119334,0,0,0,0
453,-1000.0000000007963,-1000.0000000007963,0,1,1,0.01999999999999602,0.4555188679245248,0.41293553459119337,0,0,0,0
454,-1000.0000000007963,-1000.0000000007963,0,1,0,0.06999999999999318,0.4055188679245276,0.4136855345911934,0,0,0,0
455,-1000.0000000007963,-1000.0000000007963,0,1,0,0.030000000000001137,0.44551886792451967,0.41385220125786,0,0,0,0
456,-1000.0000000007963,-1000.0000000007963,0,1,0,0.04999999999999716,0.42551886792452365,0.4144355345911933,0,0,0,0
457,-1000.0000000007963,-1000.0000000007963,0,1,2,0.0799999999999983,0.3955188679245225,0.41476886792452655,0,0,0,0
458,-1000.0000000007963,-1000.0000000007963,0,1,0,0.0799999999999983,0.3955188679245225,0.4149355345911932,0,0,0,0
459,-1000.0000000007963,-1000.0000000007963,0,1,0,-0.030000000000001137,0.5055188679245219,0.41501886792452647,0,0,0,0
460,-1000.0000000007963,-1000.0000000007963,0,1,0,-0.030000000000001137,0.5055188679245219,0.4161855345911931,0,0,0,0
461,-1000.0000000007963,-1000.0000000007963,0,1,0,-0.030000000000001137,0.5055188679245219,0.4167688679245264,0,0,0,0
462,-1000.0000000007963,-1000.0000000007963,0,1,1,0.0799999999999983,0.3955188679245225,0.4178522012578597,0,0,0,0
463,-1400.0000000008588,-1400.0000000008588,-400.0000000000625,0,3,-0.04000000000000625,0.5155188679245271,0.41776886792452633,0,0,0,0
464,-1400.0000000008588,-1400.0000000008588,0,1,1,0,0.5455188679245282,0.41876886792452633,0,0,0,0
465,-1400.0000000008588,-1400.0000000008588,0,1,1,0.010000000000005116,0.5355188679245231,0.419685534591193,0,0,0,0
466,-1400.0000000008588,-1400.0000000008588,0,1,2,0.0,0.5455188679245282,0.4206022012578597,0,0,0,0
467,-1400.0000000008588,-1400.0000000008588,0,1,2,0.01999999999999602,0.5255188679245322,0.4218522012578597,0,0,0,0
468,-1200.0000000008986,-1200.0000000008986,199.9999999999602,0,3,0.01999999999999602,0.5255188679245322,0.4226855345911931,0,0,0,0
469,-1200.0000000008986,-1200.0000000008986,0,2,2,0,0.5155188679245271,0.4236022012578598,0,0,0,0
470,-1250.000000000853,-1250.000000000853,-49.999999999954525,0,3,-0.0049999999999954525,0.5105188679245316,0.4241855345911932,0,0,0,0
471,-1250.000000000853,-1250.000000000853,0,0,0,0,0.49551886792453104,0.4248938679245266,0,0,0,0
472,-1250.000000000853,-1250.000000000853,0,2,2,0,0.5105188679245316,0.42547720125786,0,0,0,0
473,-1250.000000000853,-1250.000000000853,0,2,1,-0.042999999999992156,0.46751886792453945,0.42635220125786,0,0,0,0
474,-1250.000000000853,-1250.000000000853,0,2,0,-0.020000000000010232,0.4905188679245214,0.4270355345911934,0,0,0,0
475,-1250.000000000853,-1250.000000000853,0,2,2,-0.05000000000001137,0.46051886792452024,0.4277438679245267,0,0,0,0
476,-1580.0000000008656,-1580.0000000008656,-330.0000000000125,0,3,-0.03300000000000125,0.47751886792453035,0.4278688679245267,0,0,0,0
477,-1580.0000000008656,-1580.0000000008656,0,0,3,0,0.46751886792453945,0.4284688679245267,0,0,0,0
478,-1580.0000000008656,-1580.0000000008656,0,0,0,0,0.48151886792453524,0.42881886792452684,0,0,0,0
479,-1580.0000000008656,-1580.0000000008656,0,0,3,0,0.46751886792453945,0.42945220125786027,0,0,0,0
480,-1580.0000000008656,-1580.0000000008656,0,0,3,0,0.4765188679245256,0.42963553459119375,0,0,0,0
481,-1580.0000000008656,-1580.0000000008656,0,2,2,0,0.46051886792452024,0.430143867924527,0,0,0,0
482,-1570.0000000008179,-1570.0000000008179,10.000000000047748,0,3,0.0010000000000047748,0.461518867924525,0.4305188679245269,0,0,0,0
483,-1570.0000000008179,-1570.0000000008179,0,0,3,0,0.4555188679245248,0.43073553459119357,0,0,0,0
484,-1570.0000000008179,-1570.0000000008179,0,1,1,0,0.41251886792453263,0.43090220125786016,0,0,0,0
485,-1570.0000000008179,-1570.0000000008179,0,1,2,0.0020000000000095497,0.4105188679245231,0.43079386792452695,0,0,0,0
486,-1980.000000000644,-1980.000000000644,-409.99999999982606,0,3,-0.040999999999982606,0.45351886792451523,0.43058553459119353,0,0,0,0
487,-1980.000000000644,-1980.000000000644,0,0,3,0,0.4265188679245284,0.4311522012578601,0,0,0,0
488,-1980.000000000644,-1980.000000000644,0,2,2,0,0.4135188679245232,0.43166053459119347,0,0,0,0
489,-1960.0000000005484,-1960.0000000005484,20.000000000095497,0,3,0.0020000000000095497,0.41551886792453274,0.43172720125786007,0,0,0,0
490,-1960.0000000005484,-1960.0000000005484,0,0,3,0,0.4065188679245324,0.43181053459119345,0,0,0,0
491,-1960.0000000005484,-1960.0000000005484,0,1,1,0,0.4005188679245322,0.43181886792452684,0,0,0,0
492,-1960.0000000005484,-1960.0000000005484,0,1,0,-0.013999999999995794,0.41451886792452797,0.4321105345911936,0,0,0,0
493,-1960.0000000005484,-1960.0000000005484,0,1,0,-0.03499999999999659,0.43551886792452876,0.43226886792452696,0,0,0,0
494,-1960.0000000005484,-1960.0000000005484,0,1,0,-0.0049999999999954525,0.4055188679245276,0.4324355345911936,0,0,0,0
495,-1610.0000000004404,-1610.0000000004404,350.000000000108,0,3,0.0350000000000108,0.3655188679245214,0.4324355345911936,0,0,0,0
496,-1610.0000000004404,-1610.0000000004404,0,0,0,0,0.4055188679245276,0.43218553459119363,0,0,0,0
497,-1610.0000000004404,-1610.0000000004404,0,0,3,0,0.3755188679245265,0.432018867924527,0,0,0,0
498,-1610.0000000004404,-1610.0000000004404,0,0,0,0,0.3755188679245265,0.43185220125786034,0,0,0,0
499,-1610.0000000004404,-1610.0000000004404,0,0,3,0,0.3655188679245214,0.43176886792452696,0,0,0,0
500,-1610.0000000004404,-1610.0000000004404,0,0,0,0,0.3955188679245225,0.4318522012578602,0,0,0,0
501,-1610.0000000004404,-1610.0000000004404,0,0,3,0,0.3855188679245316,0.4319355345911935,0,0,0,0
502,-1610.0000000004404,-1610.0000000004404,0,2,2,0,0.3755188679245265,0.4320188679245269,0,0,0,0
503,-1610.0000000004404,-1610.0000000004404,0,2,2,-0.010000000000005116,0.3655188679245214,0.43210220125786025,0,0,0,0
504,-1610.0000000004404,-1610.0000000004404,0,2,0,-0.010000000000005116,0.3655188679245214,0.4320188679245269,0,0,0,0
505,-1710.0000000004916,-1710.0000000004916,-100.00000000005116,0,3,-0.010000000000005116,0.3655188679245214,0.4320188679245269,0,0,0,0
506,-1710.0000000004916,-1710.0000000004916,0,0,3,0,0.3855188679245316,0.4321022012578601,0,0,0,0
507,-1710.0000000004916,-1710.0000000004916,0,0,3,0,0.3955188679245225,0.43218553459119347,0,0,0,0
508,-1710.0000000004916,-1710.0000000004916,0,0,0,0,0.3755188679245265,0.4323522012578601,0,0,0,0
509,-1710.0000000004916,-1710.0000000004916,0,0,3,0,0.3855188679245316,0.4316022012578601,0,0,0,0
510,-1710.0000000004916,-1710.0000000004916,0,2,2,0,0.3755188679245265,0.4306855345911934,0,0,0,0
511,-1710.0000000004916,-1710.0000000004916,0,2,2,-0.010000000000005116,0.3655188679245214,0.4294355345911934,0,0,0,0
512,-1710.0000000004916,-1710.0000000004916,0,2,1,-0.010000000000005116,0.3655188679245214,0.42868553459119335,0,0,0,0
513,-1610.0000000004404,-1610.0000000004404,100.00000000005116,0,3,0.010000000000005116,0.3855188679245316,0.4282688679245266,0,0,0,0
514,-1610.0000000004404,-1610.0000000004404,0,1,1,0,0.3755188679245265,0.42818553459119335,0,0,0,0
515,-1310.000000000429,-1310.000000000429,300.00000000001137,0,3,0.030000000000001137,0.34551886792452535,0.4277688679245267,0,0,0,0
516,-1310.000000000429,-1310.000000000429,0,1,1,0,0.3655188679245214,0.42693553459119343,0,0,0,0
517,-1110.0000000004688,-1110.0000000004688,199.9999999999602,0,3,0.01999999999999602,0.34551886792452535,0.4261855345911934,0,0,0,0
518,-1110.0000000004688,-1110.0000000004688,0,0,0,0,0.3055188679245191,0.4253522012578601,0,0,0,0
519,-1110.0000000004688,-1110.0000000004688,0,0,3,0,0.6755188679245236,0.42376886792452667,0,0,0,0
520,-1110.0000000004688,-1110.0000000004688,0,2,2,0,0.5055188679245219,0.4252688679245266,0,0,0,0
521,-910.0000000003665,-910.0000000003665,200.00000000010232,0,3,0.020000000000010232,0.5255188679245322,0.4254355345911932,0,0,0,0
522,-910.0000000003665,-910.0000000003665,0,0,0,0,0.4855188679245259,0.42560220125785997,0,0,0,0
523,-910.0000000003665,-910.0000000003665,0,1,1,0,0.42551886792452365,0.4257688679245266,0,0,0,0
524,-910.0000000003665,-910.0000000003665,0,1,2,0.0,0.42551886792452365,0.4255188679245266,0,0,0,0
525,-910.0000000003665,-910.0000000003665,0,1,0,-0.010000000000005116,0.43551886792452876,0.42535220125786,0,0,0,0
526,-910.0000000003665,-910.0000000003665,0,1,2,0.0,0.42551886792452365,0.42535220125786,0,0,0,0
527,-910.0000000003665,-910.0000000003665,0,1,1,0.0,0.42551886792452365,0.42518553459119335,0,0,0,0
528,-1010.0000000004177,-1010.0000000004177,-100.00000000005116,0,3,-0.010000000000005116,0.43551886792452876,0.42535220125786,0,0,0,0
529,-1010.0000000004177,-1010.0000000004177,0,1,1,0,0.4555188679245248,0.42560220125785997,0,0,0,0
530,-1010.0000000004177,-1010.0000000004177,0,1,1,0.01999999999999602,0.43551886792452876,0.42585220125786,0,0,0,0
531,-910.0000000003665,-910.0000000003665,100.00000000005116,0,3,0.010000000000005116,0.44551886792451967,0.4259355345911934,0,0,0,0
532,-910.0000000003665,-910.0000000003665,0,1,1,0,0.4055188679245276,0.42601886792452665,0,0,0,0
533,-910.0000000003665,-910.0000000003665,0,1,1,0.010000000000005116,0.3955188679245225,0.42601886792452665,0,0,0,0
534,-910.0000000003665,-910.0000000003665,0,1,2,-0.030000000000001137,0.43551886792452876,0.4258522012578599,0,0,0,0
535,-910.0000000003665,-910.0000000003665,0,1,2,-0.030000000000001137,0.43551886792452876,0.42618553459119324,0,0,0,0
536,-1110.0000000003267,-1110.0000000003267,-199.9999999999602,0,3,-0.01999999999999602,0.42551886792452365,0.42651886792452665,0,0,0,0
537,-1110.0000000003267,-1110.0000000003267,0,0,3,0,0.42551886792452365,0.4266022012578599,0,0,0,0
538,-1110.0000000003267,-1110.0000000003267,0,1,1,0,0.42551886792452365,0.4268522012578599,0,0,0,0
539,-1110.0000000003267,-1110.0000000003267,0,1,2,-0.010000000000005116,0.43551886792452876,0.42726886792452656,0,0,0,0
540,-1110.0000000003267,-1110.0000000003267,0,1,1,0.030000000000001137,0.3955188679245225,0.42776886792452656,0,0,0,0
541,-1110.0000000003267,-1110.0000000003267,0,1,0,0.04999999999999716,0.3755188679245265,0.4276022012578598,0,0,0,0
542,-1110.0000000003267,-1110.0000000003267,0,1,0,0.09000000000000341,0.33551886792452024,0.42735220125785983,0,0,0,0
543,-910.0000000003665,-910.0000000003665,199.9999999999602,0,3,0.01999999999999602,0.4055188679245276,0.4271855345911931,0,0,0,0
544,-910.0000000003665,-910.0000000003665,0,1,1,0,0.3855188679245316,0.4273522012578597,0,0,0,0
545,-910.0000000003665,-910.0000000003665,0,1,2,0.0,0.3855188679245316,0.42743553459119304,0,0,0,0
546,-910.0000000003665,-910.0000000003665,0,1,2,-0.01999999999999602,0.4055188679245276,0.4275188679245264,0,0,0,0
547,-1110.0000000003267,-1110.0000000003267,-199.9999999999602,0,3,-0.01999999999999602,0.4055188679245276,0.4279355345911931,0,0,0,0
548,-1110.0000000003267,-1110.0000000003267,0,0,3,0,0.41551886792453274,0.4281855345911931,0,0,0,0
549,-1110.0000000003267,-1110.0000000003267,0,1,1,0,0.4055188679245276,0.42860220125785986,0,0,0,0
550,-1110.0000000003267,-1110.0000000003267,0,1,0,-0.030000000000001137,0.43551886792452876,0.4290188679245265,0,0,0,0
551,-1110.0000000003267,-1110.0000000003267,0,1,0,0.010000000000005116,0.3955188679245225,0.4296022012578599,0,0,0,0
552,-1110.0000000003267,-1110.0000000003267,0.0,0,3,0.0,0.4055188679245276,0.4297688679245265,0,0,0,0
553,-1110.0000000003267,-1110.0000000003267,0,0,0,0,0.3955188679245225,0.4301022012578599,0,0,0,0
554,-1110.0000000003267,-1110.0000000003267,0,0,0,0,0.4055188679245276,0.43043553459119316,0,0,0,0
555,-1110.0000000003267,-1110.0000000003267,0,2,2,0,0.3855188679245316,0.43085220125785983,0,0,0,0
556,-1310.000000000429,-1310.000000000429,-200.00000000010232,0,3,-0.020000000000010232,0.3655188679245214,0.43085220125785983,0,0,0,0
557,-1310.000000000429,-1310.000000000429,0,2,2,0,0.3655188679245214,0.4306855345911931,0,0,0,0
558,-1310.000000000429,-1310.000000000429,0,2,2,0.010000000000005116,0.3755188679245265,0.4301022012578597,0,0,0,0
559,-1310.000000000429,-1310.000000000429,0,2,2,0.05000000000001137,0.41551886792453274,0.4300188679245263,0,0,0,0
560,-1310.000000000429,-1310.000000000429,0,2,2,0.020000000000010232,0.3855188679245316,0.4301022012578597,0,0,0,0
561,-1310.000000000429,-1310.000000000429,0,2,2,0.010000000000005116,0.3755188679245265,0.4296022012578598,0,0,0,0
562,-1310.000000000429,-1310.000000000429,0,2,2,0.04000000000000625,0.4055188679245276,0.4288522012578598,0,0,0,0
563,-1310.000000000429,-1310.000000000429,0,2,2,-0.01999999999999602,0.34551886792452535,0.4283522012578597,0,0,0,0
564,-1210.000000000378,-1210.000000000378,100.00000000005116,0,3,0.010000000000005116,0.3755188679245265,0.4273522012578597,0,0,0,0
565,-1210.000000000378,-1210.000000000378,0,0,3,0,0.35551886792453047,0.42643553459119304,0,0,0,0
566,-1210.000000000378,-1210.000000000378,0,1,1,0,0.3755188679245265,0.4254355345911931,0,0,0,0
567,-710.0000000004063,-710.0000000004063,499.9999999999716,0,3,0.04999999999999716,0.32551886792452933,0.42468553459119307,0,0,0,0
568,-710.0000000004063,-710.0000000004063,0,2,2,0,0.32551886792452933,0.4233522012578598,0,0,0,0
569,-710.0000000004063,-710.0000000004063,0,2,0,0.01999999999999602,0.34551886792452535,0.42210220125785985,0,0,0,0
570,-110.00000000038358,-110.00000000038358,600.0000000000227,0,3,0.060000000000002274,0.3855188679245316,0.4213522012578598,0,0,0,0
571,-110.00000000038358,-110.00000000038358,0,1,1,0,0.3855188679245316,0.4211022012578598,0,0,0,0
572,-110.00000000038358,-110.00000000038358,0,1,1,-0.01999999999999602,0.4055188679245276,0.42076886792452656,0,0,0,0
573,-110.00000000038358,-110.00000000038358,0,1,0,0.0,0.3855188679245316,0.4206022012578599,0,0,0,0
574,-110.00000000038358,-110.00000000038358,0.0,0,3,0.0,0.3855188679245316,0.42001886792452664,0,0,0,0
575,-110.00000000038358,-110.00000000038358,0,0,3,0,0.3855188679245316,0.41985220125786,0,0,0,0
576,-110.00000000038358,-110.00000000038358,0,2,2,0,0.34551886792452535,0.4193522012578601,0,0,0,0
577,-110.00000000038358,-110.00000000038358,0,2,2,0.1599999999999966,0.5055188679245219,0.41868553459119345,0,0,0,0
578,-110.00000000038358,-110.00000000038358,0,2,2,0.12999999999999545,0.4755188679245208,0.41960220125786013,0,0,0,0
579,-110.00000000038358,-110.00000000038358,0,2,2,0.09000000000000341,0.43551886792452876,0.4202688679245268,0,0,0,0
580,-110.00000000038358,-110.00000000038358,0,2,1,0.04999999999999716,0.3955188679245225,0.4196855345911935,0,0,0,0
581,-110.00000000038358,-110.00000000038358,0,2,1,0.04000000000000625,0.3855188679245316,0.41876886792452683,0,0,0,0
582,-110.00000000038358,-110.00000000038358,0,2,2,0.07000000000000739,0.41551886792453274,0.4177688679245269,0,0,0,0
583,-110.00000000038358,-110.00000000038358,0,2,2,0.04999999999999716,0.3955188679245225,0.41793553459119365,0,0,0,0
584,289.99999999967895,289.99999999967895,400.0000000000625,0,3,0.04000000000000625,0.3855188679245316,0.41693553459119365,0,0,0,0
585,289.99999999967895,289.99999999967895,0,1,1,0,0.3755188679245265,0.4156022012578603,0,0,0,0
586,289.99999999967895,289.99999999967895,0,1,1,-0.01999999999999602,0.3955188679245225,0.414268867924527,0,0,0,0
587,89.99999999971874,89.99999999971874,-199.9999999999602,0,3,-0.01999999999999602,0.3955188679245225,0.41301886792452697,0,0,0,0
588,89.99999999971874,89.99999999971874,0,2,2,0,0.3755188679245265,0.41193553459119353,0,0,0,0
589,89.99999999971874,89.99999999971874,0,2,0,0.010000000000005116,0.3855188679245316,0.4106855345911935,0,0,0,0
590,789.9999999996505,789.9999999996505,699.9999999999318,0,3,0.06999999999999318,0.44551886792451967,0.40960220125786023,0,0,0,0
591,789.9999999996505,789.9999999996505,0,2,2,0,0.44551886792451967,0.40906053459119346,0,0,0,0
592,389.9999999997301,389.9999999997301,-399.9999999999204,0,3,-0.03999999999999204,0.4055188679245276,0.40864386792452667,0,0,0,0
593,389.9999999997301,389.9999999997301,0,0,3,0,0.3955188679245225,0.40776886792452666,0,0,0,0
594,389.9999999997301,389.9999999997301,0,2,2,0,0.3955188679245225,0.4071688679245265,0,0,0,0
595,389.9999999997301,389.9999999997301,0,2,1,0.0,0.3955188679245225,0.40637720125785987,0,0,0,0
596,389.9999999997301,389.9999999997301,0,2,1,0.09000000000000341,0.4855188679245259,0.4058355345911932,0,0,0,0
597,389.9999999997301,389.9999999997301,0,2,2,0.07000000000000739,0.4655188679245299,0.4059022012578598,0,0,0,0
598,389.9999999997301,389.9999999997301,0,2,0,0.07000000000000739,0.4655188679245299,0.4058855345911931,0,0,0,0
599,389.9999999997301,389.9999999997301,0,2,2,0.060000000000002274,0.4555188679245248,0.4057522012578597,0,0,0,0
600,389.9999999997301,389.9999999997301,0,2,0,0.04999999999999716,0.44551886792451967,0.40565220125785956,0,0,0,0
601,389.9999999997301,389.9999999997301,0,2,2,0.010000000000005116,0.4055188679245276,0.4053938679245262,0,0,0,0
602,389.9999999997301,389.9999999997301,0,2,0,0.010000000000005116,0.4055188679245276,0.4049355345911929,0,0,0,0
603,389.9999999997301,389.9999999997301,0,2,2,0.0,0.3955188679245225,0.4044688679245263,0,0,0,0
604,389.9999999997301,389.9999999997301,0,2,1,0.04000000000000625,0.43551886792452876,0.40396886792452624,0,0,0,0
605,389.9999999997301,389.9999999997301,0,2,1,0.04000000000000625,0.43551886792452876,0.4041605345911929,0,0,0,0
606,389.9999999997301,389.9999999997301,0,2,0,0.010000000000005116,0.4055188679245276,0.40436886792452625,0,0,0,0
607,389.9999999997301,389.9999999997301,0,2,0,0.010000000000005116,0.4055188679245276,0.4039688679245264,0,0,0,0
608,389.9999999997301,389.9999999997301,0,2,0,0.030000000000001137,0.42551886792452365,0.4037938679245264,0,0,0,0
609,389.9999999997301,389.9999999997301,0,2,0,0.010000000000005116,0.4055188679245276,0.40389386792452636,0,0,0,0
610,389.9999999997301,389.9999999997301,0,2,0,0.020000000000010232,0.41551886792453274,0.403810534591193,0,0,0,0
611,389.9999999997301,389.9999999997301,0,2,1,0.010000000000005116,0.4055188679245276,0.40388553459119303,0,0,0,0
612,389.9999999997301,389.9999999997301,0,2,0,0.010000000000005116,0.4055188679245276,0.40392720125785964,0,0,0,0
613,389.9999999997301,389.9999999997301,0,2,0,-0.009999999999990905,0.3855188679245316,0.40385220125785964,0,0,0,0
614,289.99999999982106,289.99999999982106,-99.99999999990905,0,3,-0.009999999999990905,0.3855188679245316,0.40343553459119297,0,0,0,0
615,289.99999999982106,289.99999999982106,0,2,2,0,0.3755188679245265,0.4032688679245264,0,0,0,0
616,289.99999999982106,289.99999999982106,0,2,2,0.030000000000001137,0.4055188679245276,0.40335220125785975,0,0,0,0
617,289.99999999982106,289.99999999982106,0,2,0,0.01999999999999602,0.3955188679245225,0.40335220125785975,0,0,0,0
618,289.99999999982106,289.99999999982106,0,2,2,-0.20000000000000284,0.17551886792452365,0.40351886792452635,0,0,0,0
619,289.99999999982106,289.99999999982106,0,2,2,-0.230000000000004,0.1455188679245225,0.4018522012578597,0,0,0,0
620,289.99999999982106,289.99999999982106,0,2,1,-0.269999999999996,0.10551886792453047,0.40001886792452634,0,0,0,0
621,289.99999999982106,289.99999999982106,0,2,2,-0.37000000000000455,0.005518867924521942,0.3976022012578598,0,0,0,0
622,289.99999999982106,289.99999999982106,0,2,0,-0.45999999999999375,-0.08448113207546726,0.394435534591193,0,0,0,0
623,-5410.000000000253,-5410.000000000253,-5700.000000000074,0,3,-0.5700000000000074,-0.1944811320754809,0.3906022012578597,0,0,0,0
624,-5410.000000000253,-5410.000000000253,0,1,1,0,-0.23448113207547294,0.38593553459119306,0,0,0,0
625,-5410.000000000253,-5410.000000000253,0,1,2,0.01999999999999602,-0.25448113207546896,0.38093553459119306,0,0,0,0
626,-5210.000000000293,-5210.000000000293,199.9999999999602,0,3,0.01999999999999602,-0.25448113207546896,0.3757688679245265,0,0,0,0
627,-5210.000000000293,-5210.000000000293,0,2,2,0,-0.21448113207547692,0.37043553459119316,0,0,0,0
628,-5210.000000000293,-5210.000000000293,0,2,0,-0.03999999999999204,-0.25448113207546896,0.36535220125785983,0,0,0,0
629,-5210.000000000293,-5210.000000000293,0,2,2,-0.03999999999999204,-0.25448113207546896,0.36010220125785986,0,0,0,0
630,-5610.000000000213,-5610.000000000213,-399.9999999999204,0,3,-0.03999999999999204,-0.25448113207546896,0.35476886792452655,0,0,0,0
631,-5610.000000000213,-5610.000000000213,0,2,2,0,-0.2744811320754792,0.3495188679245266,0,0,0,0
632,-5610.000000000213,-5610.000000000213,0,2,2,0.020000000000010232,-0.25448113207546896,0.3441855345911932,0,0,0,0
633,-5610.000000000213,-5610.000000000213,0,2,0,0.020000000000010232,-0.25448113207546896,0.3390188679245266,0,0,0,0
634,-5610.000000000213,-5610.000000000213,0,2,0,0.0,-0.2744811320754792,0.3336855345911933,0,0,0,0
635,-5610.000000000213,-5610.000000000213,0,2,0,0.010000000000005116,-0.2644811320754741,0.3282688679245266,0,0,0,0
636,-5610.000000000213,-5610.000000000213,0,2,1,-0.009999999999990905,-0.2844811320754701,0.32318553459119326,0,0,0,0
637,-5610.000000000213,-5610.000000000213,0,2,2,0.010000000000005116,-0.2644811320754741,0.3177688679245267,0,0,0,0
638,-5710.000000000122,-5710.000000000122,-99.99999999990905,0,3,-0.009999999999990905,-0.2844811320754701,0.31268553459119336,0,0,0,0
639,-5710.000000000122,-5710.000000000122,0,0,0,0,-0.23448113207547294,0.3077688679245268,0,0,0,0
640,-5710.000000000122,-5710.000000000122,0,0,0,0,-0.2844811320754701,0.30018553459119346,0,0,0,0
641,-5710.000000000122,-5710.000000000122,0,2,2,0,-0.25448113207546896,0.2936022012578602,0,0,0,0
642,-5710.000000000122,-5710.000000000122,0.0,0,3,0.0,-0.25448113207546896,0.2871022012578602,0,0,0,0
643,-5710.000000000122,-5710.000000000122,0,2,2,0,-0.24448113207547806,0.2809355345911936,0,0,0,0
644,-5910.000000000082,-5910.000000000082,-199.9999999999602,0,3,-0.01999999999999602,-0.2644811320754741,0.2753522012578602,0,0,0,0
645,-5910.000000000082,-5910.000000000082,0,1,1,0,-0.2744811320754792,0.2696022012578602,0,0,0,0
646,-5910.000000000082,-5910.000000000082,0,1,1,0.0,-0.2744811320754792,0.2636855345911935,0,0,0,0
647,-6110.000000000184,-6110.000000000184,-200.00000000010232,0,3,-0.020000000000010232,-0.25448113207546896,0.2578522012578601,0,0,0,0
648,-6110.000000000184,-6110.000000000184,0,1,1,0,-0.23448113207547294,0.2521855345911935,0,0,0,0
649,-6110.000000000184,-6110.000000000184,0,1,2,0.010000000000005116,-0.24448113207547806,0.2466022012578602,0,0,0,0
650,-6110.000000000184,-6110.000000000184,0,1,2,0.0,-0.23448113207547294,0.24076886792452684,0,0,0,0
651,-6110.000000000184,-6110.000000000184,0,1,1,0.0,-0.23448113207547294,0.23518553459119348,0,0,0,0
652,-5410.00000000011,-5410.00000000011,700.0000000000739,0,3,0.07000000000000739,-0.30448113207548033,0.2295188679245269,0,0,0,0
653,-5410.00000000011,-5410.00000000011,0,0,3,0,-0.2944811320754752,0.22360220125786015,0,0,0,0
654,-5410.00000000011,-5410.00000000011,0,2,2,0,-0.2844811320754701,0.21785220125786017,0,0,0,0
655,-5410.00000000011,-5410.00000000011,0,2,2,0.01999999999999602,-0.2644811320754741,0.21185220125786017,0,0,0,0
656,-5410.00000000011,-5410.00000000011,0,2,1,0.0,-0.2844811320754701,0.2060188679245268,0,0,0,0
657,-5410.00000000011,-5410.00000000011,0,2,1,-0.04000000000000625,-0.32448113207547635,0.2001022012578602,0,0,0,0
658,-5310.000000000201,-5310.000000000201,99.99999999990905,0,3,0.009999999999990905,-0.2744811320754792,0.1938522012578602,0,0,0,0
659,-5310.000000000201,-5310.000000000201,0,0,0,0,-0.2944811320754752,0.18801886792452685,0,0,0,0
660,-5310.000000000201,-5310.000000000201,0,0,0,0,-0.2744811320754792,0.18193553459119347,0,0,0,0
661,-5310.000000000201,-5310.000000000201,0,0,0,0,-0.2644811320754741,0.17635220125786014,0,0,0,0
662,-5310.000000000201,-5310.000000000201,0,0,3,0,-0.2844811320754701,0.17101886792452678,0,0,0,0
663,-5310.000000000201,-5310.000000000201,0,2,2,0,-0.2844811320754701,0.1658522012578602,0,0,0,0
664,-5210.000000000292,-5210.000000000292,99.99999999990905,0,3,0.009999999999990905,-0.2744811320754792,0.16010220125786023,0,0,0,0
665,-5210.000000000292,-5210.000000000292,0,1,1,0,-0.2944811320754752,0.15460220125786014,0,0,0,0
666,-5010.000000000332,-5010.000000000332,199.9999999999602,0,3,0.01999999999999602,-0.31448113207547124,0.1489355345911934,0,0,0,0
667,-5010.000000000332,-5010.000000000332,0,0,3,0,-0.31448113207547124,0.14293553459119343,0,0,0,0
668,-5010.000000000332,-5010.000000000332,0,0,0,0,-0.2644811320754741,0.13693553459119343,0,0,0,0
669,-5010.000000000332,-5010.000000000332,0,0,3,0,-0.31448113207547124,0.13126886792452672,0,0,0,0
670,-5010.000000000332,-5010.000000000332,0,2,2,0,-0.2744811320754792,0.1252688679245267,0,0,0,0
671,-5010.000000000332,-5010.000000000332,0,2,1,-0.030000000000001137,-0.30448113207548033,0.11935220125785999,0,0,0,0
672,-5010.000000000332,-5010.000000000332,0,2,2,0.0,-0.2744811320754792,0.11351886792452663,0,0,0,0
673,-5010.000000000332,-5010.000000000332,0,2,2,-0.009999999999990905,-0.2844811320754701,0.10785220125785991,0,0,0,0
674,-5010.000000000332,-5010.000000000332,0,2,2,-0.030000000000001137,-0.30448113207548033,0.1021855345911933,0,0,0,0
675,-5010.000000000332,-5010.000000000332,0,2,1,-0.03999999999999204,-0.31448113207547124,0.09626886792452656,0,0,0,0
676,-5010.000000000332,-5010.000000000332,0,2,2,-0.06999999999999318,-0.3444811320754724,0.0904355345911932,0,0,0,0
677,-5410.000000000253,-5410.000000000253,-399.9999999999204,0,3,-0.03999999999999204,-0.31448113207547124,0.08451886792452659,0,0,0,0
678,-5410.000000000253,-5410.000000000253,0,2,2,0,-0.33448113207546726,0.07885220125786,0,0,0,0
679,-5410.000000000253,-5410.000000000253,0,2,0,-0.020000000000010232,-0.3544811320754775,0.07293553459119337,0,0,0,0
680,-5710.000000000264,-5710.000000000264,-300.00000000001137,0,3,-0.030000000000001137,-0.3644811320754684,0.06651886792452662,0,0,0,0
681,-5710.000000000264,-5710.000000000264,0,0,0,0,-0.33448113207546726,0.06026886792452662,0,0,0,0
682,-5710.000000000264,-5710.000000000264,0,2,2,0,-0.3744811320754735,0.05435220125786001,0,0,0,0
683,-5210.000000000292,-5210.000000000292,499.9999999999716,0,3,0.04999999999999716,-0.32448113207547635,0.04785220125786,0,0,0,0
684,-5210.000000000292,-5210.000000000292,0,1,1,0,-0.39448113207546953,0.04226886792452665,0,0,0,0
685,-5210.000000000292,-5210.000000000292,0,1,1,0.030000000000001137,-0.42448113207547067,0.03585220125786002,0,0,0,0
686,-5210.000000000292,-5210.000000000292,0,1,0,0.020000000000010232,-0.41448113207547976,0.02935220125786001,0,0,0,0
687,-5210.000000000292,-5210.000000000292,0,1,2,0.030000000000001137,-0.42448113207547067,0.022768867924526624,0,0,0,0
688,-5210.000000000292,-5210.000000000292,0,1,1,0.030000000000001137,-0.42448113207547067,0.01651886792452662,0,0,0,0
689,-5210.000000000292,-5210.000000000292,0,1,2,-0.009999999999990905,-0.3844811320754786,0.010268867924526621,0,0,0,0
690,-5210.000000000292,-5210.000000000292,0,1,0,0.010000000000005116,-0.40448113207547465,0.004185534591193255,0,0,0,0
691,-5210.000000000292,-5210.000000000292,0,1,0,0.0,-0.39448113207546953,-0.0023977987421401298,0,0,0,0
692,-5210.000000000292,-5210.000000000292,0,1,0,0.020000000000010232,-0.41448113207547976,-0.00889779874214014,0,0,0,0
693,-5210.000000000292,-5210.000000000292,0,1,2,0.020000000000010232,-0.41448113207547976,-0.015731132075473536,0,0,0,0
694,-5210.000000000292,-5210.000000000292,0,1,0,0.04000000000000625,-0.4344811320754758,-0.022397798742140297,0,0,0,0
695,-5210.000000000292,-5210.000000000292,0,1,1,0.04000000000000625,-0.4344811320754758,-0.02923113207547369,0,0,0,0
696,-5210.000000000292,-5210.000000000292,0,1,1,0.05000000000001137,-0.4444811320754809,-0.03606446540880708,0,0,0,0
697,-5210.000000000292,-5210.000000000292,0,1,1,0.04000000000000625,-0.4344811320754758,-0.04264779874214047,0,0,0,0
698,-5110.000000000241,-5110.000000000241,100.00000000005116,0,3,0.010000000000005116,-0.40448113207547465,-0.050481132075473785,0,0,0,0
699,-5110.000000000241,-5110.000000000241,0,1,1,0,-0.42448113207547067,-0.05781446540880708,0,0,0,0
700,-5110.000000000241,-5110.000000000241,0,1,0,0.010000000000005116,-0.4344811320754758,-0.06498113207547375,0,0,0,0
701,-5010.00000000019,-5010.00000000019,100.00000000005116,0,3,0.010000000000005116,-0.4344811320754758,-0.07189779874214039,0,0,0,0
702,-5010.00000000019,-5010.00000000019,0,0,3,0,-0.4344811320754758,-0.07873113207547379,0,0,0,0
703,-5010.00000000019,-5010.00000000019,0,1,1,0,-0.4444811320754809,-0.08581446540880719,0,0,0,0
704,-5010.00000000019,-5010.00000000019,0,1,2,-0.010000000000005116,-0.4344811320754758,-0.09281446540880722,0,0,0,0
705,-5010.00000000019,-5010.00000000019,0,1,2,0.01999999999999602,-0.4644811320754769,-0.09964779874214062,0,0,0,0
706,-5010.00000000019,-5010.00000000019,0,1,0,0.009999999999990905,-0.4544811320754718,-0.10664779874214064,0,0,0,0
707,-5010.00000000019,-5010.00000000019,0,1,1,0.01999999999999602,-0.4644811320754769,-0.11373113207547393,0,0,0,0
708,-5010.00000000019,-5010.00000000019,0,1,2,0.009999999999990905,-0.4544811320754718,-0.1208977987421406,0,0,0,0
709,-5010.00000000019,-5010.00000000019,0,1,0,0.03999999999999204,-0.48448113207547294,-0.12781446540880725,0,0,0,0
710,-5010.00000000019,-5010.00000000019,0,1,0,0.029999999999986926,-0.4744811320754678,-0.1350644654088073,0,0,0,0
711,-5010.00000000019,-5010.00000000019,0,1,0,0.0,-0.4444811320754809,-0.14273113207547386,0,0,0,0
712,-5010.00000000019,-5010.00000000019,0,1,0,0.0,-0.4444811320754809,-0.15014779874214051,0,0,0,0
713,-5010.00000000019,-5010.00000000019,0,1,1,-0.010000000000005116,-0.4344811320754758,-0.15723113207547393,0,0,0,0
714,-5010.00000000019,-5010.00000000019,0,1,1,-0.030000000000001137,-0.41448113207547976,-0.16414779874214058,0,0,0,0
715,-5010.00000000019,-5010.00000000019,0,1,0,-0.04000000000000625,-0.40448113207547465,-0.1708977987421406,0,0,0,0
716,-5010.00000000019,-5010.00000000019,0,1,2,-0.010000000000005116,-0.4344811320754758,-0.17756446540880724,0,0,0,0
717,-4910.000000000281,-4910.000000000281,99.99999999990905,0,3,0.009999999999990905,-0.4544811320754718,-0.18523113207547393,0,0,0,0
718,-4910.000000000281,-4910.000000000281,0,0,3,0,-0.4344811320754758,-0.1928977987421406,0,0,0,0
719,-4910.000000000281,-4910.000000000281,0,1,1,0,-0.4344811320754758,-0.20039779874214064,0,0,0,0
720,-4910.000000000281,-4910.000000000281,0,1,0,-0.04999999999999716,-0.3844811320754786,-0.20781446540880733,0,0,0,0
721,-4910.000000000281,-4910.000000000281,0,1,1,-0.07000000000000739,-0.3644811320754684,-0.21473113207547398,0,0,0,0
722,-4910.000000000281,-4910.000000000281,0,1,2,-0.07000000000000739,-0.3644811320754684,-0.2211477987421406,0,0,0,0
723,-4910.000000000281,-4910.000000000281,0,1,1,-0.07000000000000739,-0.3644811320754684,-0.22756446540880723,0,0,0,0
724,-5510.000000000304,-5510.000000000304,-600.0000000000227,0,3,-0.060000000000002274,-0.3744811320754735,-0.2338977987421405,0,0,0,0
725,-5510.000000000304,-5510.000000000304,0,1,1,0,-0.3544811320754775,-0.2406477987421405,0,0,0,0
726,-5510.000000000304,-5510.000000000304,0,1,2,0.030000000000001137,-0.3844811320754786,-0.2472311320754739,0,0,0,0
727,-5510.000000000304,-5510.000000000304,0,1,0,0.060000000000002274,-0.41448113207547976,-0.2538144654088073,0,0,0,0
728,-5510.000000000304,-5510.000000000304,0,1,2,0.009999999999990905,-0.3644811320754684,-0.26064779874214067,0,0,0,0
729,-5110.000000000384,-5110.000000000384,399.9999999999204,0,3,0.03999999999999204,-0.39448113207546953,-0.26723113207547394,0,0,0,0
730,-5110.000000000384,-5110.000000000384,0,2,2,0,-0.41448113207547976,-0.2738977987421406,0,0,0,0
731,-5110.000000000384,-5110.000000000384,0,2,0,-0.01999999999999602,-0.4344811320754758,-0.28081446540880733,0,0,0,0
732,-5310.000000000344,-5310.000000000344,-199.9999999999602,0,3,-0.01999999999999602,-0.4344811320754758,-0.2878144654088074,0,0,0,0
733,-5310.000000000344,-5310.000000000344,0,0,0,0,-0.4544811320754718,-0.2948144654088074,0,0,0,0
734,-5310.000000000344,-5310.000000000344,0,0,3,0,-0.42448113207547067,-0.30181446540880746,0,0,0,0
735,-5310.000000000344,-5310.000000000344,0,0,3,0,-0.41448113207547976,-0.30856446540880744,0,0,0,0
736,-5310.000000000344,-5310.000000000344,0,0,3,0,-0.41448113207547976,-0.31514779874214083,0,0,0,0
737,-5310.000000000344,-5310.000000000344,0,0,0,0,-0.42448113207547067,-0.32198113207547424,0,0,0,0
738,-5310.000000000344,-5310.000000000344,0,2,2,0,-0.42448113207547067,-0.32881446540880754,0,0,0,0
739,-5310.000000000344,-5310.000000000344,0,2,0,-0.020000000000010232,-0.4444811320754809,-0.3338144654088075,0,0,0,0
740,-5310.000000000344,-5310.000000000344,0,2,0,-0.010000000000005116,-0.4344811320754758,-0.3387311320754742,0,0,0,0
741,-5310.000000000344,-5310.000000000344,0,2,2,0.01999999999999602,-0.40448113207547465,-0.34323113207547423,0,0,0,0
742,-5310.000000000344,-5310.000000000344,0,2,2,-0.010000000000005116,-0.4344811320754758,-0.34664779874214086,0,0,0,0
743,-5310.000000000344,-5310.000000000344,0,2,2,0.12999999999999545,-0.2944811320754752,-0.3495644654088076,0,0,0,0
744,-3810.0000000004293,-3810.0000000004293,1499.9999999999147,0,3,0.14999999999999147,-0.2744811320754792,-0.3503977987421409,0,0,0,0
745,-3810.0000000004293,-3810.0000000004293,0,0,0,0,-0.2644811320754741,-0.3507311320754743,0,0,0,0
746,-3810.0000000004293,-3810.0000000004293,0,0,0,0,-0.2744811320754792,-0.3508144654088076,0,0,0,0
747,-3810.0000000004293,-3810.0000000004293,0,2,2,0,-0.2744811320754792,-0.3509811320754744,0,0,0,0
748,-3810.0000000004293,-3810.0000000004293,0.0,0,3,0.0,-0.2744811320754792,-0.35148113207547443,0,0,0,0
749,-3810.0000000004293,-3810.0000000004293,0,0,0,0,-0.2944811320754752,-0.3516477987421412,0,0,0,0
750,-3810.0000000004293,-3810.0000000004293,0,2,2,0,-0.31448113207547124,-0.35198113207547455,0,0,0,0
751,-3810.0000000004293,-3810.0000000004293,0,2,2,0.04999999999999716,-0.2644811320754741,-0.35248113207547455,0,0,0,0
752,-3810.0000000004293,-3810.0000000004293,0,2,0,0.030000000000001137,-0.2844811320754701,-0.3523977987421412,0,0,0,0
753,-3810.0000000004293,-3810.0000000004293,0,2,0,0.04999999999999716,-0.2644811320754741,-0.3526477987421412,0,0,0,0
754,-3810.0000000004293,-3810.0000000004293,0,2,1,0.06999999999999318,-0.24448113207547806,-0.3527311320754746,0,0,0,0
755,-3810.0000000004293,-3810.0000000004293,0,2,2,0.04999999999999716,-0.2644811320754741,-0.35248113207547455,0,0,0,0
756,-3810.0000000004293,-3810.0000000004293,0,2,2,-0.01999999999999602,-0.33448113207546726,-0.35248113207547455,0,0,0,0
757,-3810.0000000004293,-3810.0000000004293,0,2,0,-0.04999999999999716,-0.3644811320754684,-0.3528977987421412,0,0,0,0
758,-3810.0000000004293,-3810.0000000004293,0,2,2,-0.07000000000000739,-0.3844811320754786,-0.3537311320754745,0,0,0,0
759,-3810.0000000004293,-3810.0000000004293,0,2,2,-0.04000000000000625,-0.3544811320754775,-0.3545644654088079,0,0,0,0
760,-3810.0000000004293,-3810.0000000004293,0,2,1,-0.01999999999999602,-0.33448113207546726,-0.35556446540880793,0,0,0,0
761,-3610.0000000004693,-3610.0000000004693,199.9999999999602,0,3,0.01999999999999602,-0.2944811320754752,-0.3559811320754746,0,0,0,0
762,-3610.0000000004693,-3610.0000000004693,0,2,2,0,-0.30448113207548033,-0.35631446540880796,0,0,0,0
763,-3610.0000000004693,-3610.0000000004693,0,2,1,-0.05999999999998806,-0.3644811320754684,-0.35673113207547474,0,0,0,0
764,-4210.00000000035,-4210.00000000035,-599.9999999998806,0,3,-0.05999999999998806,-0.3644811320754684,-0.35773113207547463,0,0,0,0
765,-4210.00000000035,-4210.00000000035,0,2,2,0,-0.31448113207547124,-0.35856446540880793,0,0,0,0
766,-4210.00000000035,-4210.00000000035,0,2,1,-0.04000000000000625,-0.3544811320754775,-0.3588977987421412,0,0,0,0
767,-4210.00000000035,-4210.00000000035,0,2,1,0.0,-0.31448113207547124,-0.3595644654088079,0,0,0,0
768,-4210.00000000035,-4210.00000000035,0,2,2,0.09000000000000341,-0.22448113207546783,-0.3600644654088079,0,0,0,0
769,-3610.0000000003274,-3610.0000000003274,600.0000000000227,0,3,0.060000000000002274,-0.25448113207546896,-0.3599811320754745,0,0,0,0
770,-3610.0000000003274,-3610.0000000003274,0,1,1,0,-0.2744811320754792,-0.36006446540880777,0,0,0,0
771,-3610.0000000003274,-3610.0000000003274,0,1,2,-0.030000000000001137,-0.24448113207547806,-0.3603977987421411,0,0,0,0
772,-3610.0000000003274,-3610.0000000003274,0,1,0,-0.05000000000001137,-0.22448113207546783,-0.3604811320754745,0,0,0,0
773,-3610.0000000003274,-3610.0000000003274,0,1,0,-0.060000000000002274,-0.21448113207547692,-0.35981446540880774,0,0,0,0
774,-3610.0000000003274,-3610.0000000003274,0,1,2,0.009999999999990905,-0.2844811320754701,-0.3591477987421411,0,0,0,0
775,-3610.0000000003274,-3610.0000000003274,0,1,2,-0.030000000000001137,-0.24448113207547806,-0.3591477987421411,0,0,0,0
776,-3610.0000000003274,-3610.0000000003274,0,1,2,-0.010000000000005116,-0.2644811320754741,-0.35898113207547444,0,0,0,0
777,-3610.0000000003274,-3610.0000000003274,0,1,0,-0.010000000000005116,-0.2644811320754741,-0.35881446540880785,0,0,0,0
778,-3610.0000000003274,-3610.0000000003274,0,1,0,0.009999999999990905,-0.2844811320754701,-0.3583144654088078,0,0,0,0
779,-3610.0000000003274,-3610.0000000003274,0,1,1,-0.020000000000010232,-0.25448113207546896,-0.35839779874214106,0,0,0,0
780,-3610.0000000003274,-3610.0000000003274,0,1,2,0.0,-0.2744811320754792,-0.3580644654088077,0,0,0,0
781,-3310.000000000316,-3310.000000000316,300.00000000001137,0,3,0.030000000000001137,-0.30448113207548033,-0.3580644654088077,0,0,0,0
782,-3310.000000000316,-3310.000000000316,0,1,1,0,-0.2844811320754701,-0.35839779874214106,0,0,0,0
783,-3310.000000000316,-3310.000000000316,0,1,0,-0.009999999999990905,-0.2744811320754792,-0.35839779874214106,0,0,0,0
784,-3310.000000000316,-3310.000000000316,0,1,2,-0.01999999999999602,-0.2644811320754741,-0.3583144654088078,0,0,0,0
785,-3310.000000000316,-3310.000000000316,0,1,0,0.0,-0.2844811320754701,-0.3582311320754744,0,0,0,0
786,-3510.0000000002765,-3510.0000000002765,-199.9999999999602,0,3,-0.01999999999999602,-0.2644811320754741,-0.35814779874214103,0,0,0,0
787,-3510.0000000002765,-3510.0000000002765,0,0,0,0,-0.2844811320754701,-0.3577311320754744,0,0,0,0
788,-3510.0000000002765,-3510.0000000002765,0,1,1,0,-0.33448113207546726,-0.3574811320754744,0,0,0,0
789,-3510.0000000002765,-3510.0000000002765,0,1,1,0.010000000000005116,-0.3444811320754724,-0.3580644654088077,0,0,0,0
790,-3510.0000000002765,-3510.0000000002765,0,1,0,0.04000000000000625,-0.3744811320754735,-0.3583144654088077,0,0,0,0
791,-3010.000000000163,-3010.000000000163,500.0000000001137,0,3,0.05000000000001137,-0.3844811320754786,-0.359147798742141,0,0,0,0
792,-3010.000000000163,-3010.000000000163,0,0,3,0,-0.3744811320754735,-0.3598144654088076,0,0,0,0
793,-3010.000000000163,-3010.000000000163,0,0,3,0,-0.3744811320754735,-0.3606477987421409,0,0,0,0
794,-3010.000000000163,-3010.000000000163,0,2,2,0,-0.3844811320754786,-0.36139779874214095,0,0,0,0
795,-3010.000000000163,-3010.000000000163,0,2,1,-0.01999999999999602,-0.40448113207547465,-0.3620644654088076,0,0,0,0
796,-3010.000000000163,-3010.000000000163,0,2,2,-0.009999999999990905,-0.39448113207546953,-0.36281446540880763,0,0,0,0
797,-3010.000000000163,-3010.000000000163,0,2,0,-0.009999999999990905,-0.39448113207546953,-0.36323113207547425,0,0,0,0
798,-3010.000000000163,-3010.000000000163,0,2,1,0.020000000000010232,-0.3644811320754684,-0.3638977987421409,0,0,0,0
799,-3010.000000000163,-3010.000000000163,0,2,2,0.0,-0.3844811320754786,-0.3641477987421409,0,0,0,0
800,-3010.000000000163,-3010.000000000163,0,2,0,0.030000000000001137,-0.3544811320754775,-0.36439779874214095,0,0,0,0
801,-3010.000000000163,-3010.000000000163,0,2,1,0.030000000000001137,-0.3544811320754775,-0.3643144654088077,0,0,0,0
802,-3010.000000000163,-3010.000000000163,0,2,2,0.030000000000001137,-0.3544811320754775,-0.36448113207547445,0,0,0,0
803,-3010.000000000163,-3010.000000000163,0,2,2,0.04000000000000625,-0.3444811320754724,-0.3643144654088078,0,0,0,0
804,-2810.0000000000605,-2810.0000000000605,200.00000000010232,0,3,0.020000000000010232,-0.3644811320754684,-0.36448113207547445,0,0,0,0
805,-2810.0000000000605,-2810.0000000000605,0,0,0,0,-0.3644811320754684,-0.3642311320754744,0,0,0,0
806,-2810.0000000000605,-2810.0000000000605,0,2,2,0,-0.3544811320754775,-0.3637311320754744,0,0,0,0
807,-2810.0000000000605,-2810.0000000000605,0,2,0,0.0,-0.3544811320754775,-0.36323113207547436,0,0,0,0
808,-2810.0000000000605,-2810.0000000000605,0,2,0,0.0,-0.3544811320754775,-0.3626477987421411,0,0,0,0
809,-2810.0000000000605,-2810.0000000000605,0,2,2,-0.009999999999990905,-0.3644811320754684,-0.3620644654088078,0,0,0,0
810,-2810.0000000000605,-2810.0000000000605,0,2,1,-0.009999999999990905,-0.3644811320754684,-0.36189779874214106,0,0,0,0
811,-2810.0000000000605,-2810.0000000000605,0,2,2,-0.01999999999999602,-0.3744811320754735,-0.3615644654088077,0,0,0,0
812,-3010.000000000021,-3010.000000000021,-199.9999999999602,0,3,-0.01999999999999602,-0.3744811320754735,-0.36139779874214106,0,0,0,0
813,-3010.000000000021,-3010.000000000021,0,2,2,0,-0.3644811320754684,-0.36106446540880766,0,0,0,0
814,-3010.000000000021,-3010.000000000021,0,2,0,0.0,-0.3644811320754684,-0.3606477987421409,0,0,0,0
815,-3010.000000000021,-3010.000000000021,0,2,1,-0.010000000000005116,-0.3744811320754735,-0.36006446540880754,0,0,0,0
816,-3010.000000000021,-3010.000000000021,0,2,2,-0.020000000000010232,-0.3844811320754786,-0.3595644654088075,0,0,0,0
817,-3010.000000000021,-3010.000000000021,0,2,1,-0.010000000000005116,-0.3744811320754735,-0.3590644654088075,0,0,0,0
818,-3010.000000000021,-3010.000000000021,0,2,0,-0.030000000000001137,-0.39448113207546953,-0.3585644654088075,0,0,0,0
819,-3010.000000000021,-3010.000000000021,0.0,0,3,0.0,-0.3644811320754684,-0.3584811320754741,0,0,0,0
820,-3010.000000000021,-3010.000000000021,0,1,1,0,-0.3844811320754786,-0.35798113207547405,0,0,0,0
821,-3010.000000000021,-3010.000000000021,0,1,1,0.0,-0.3844811320754786,-0.35756446540880743,0,0,0,0
822,-3010.000000000021,-3010.000000000021,0,1,0,-0.010000000000005116,-0.3744811320754735,-0.3571477987421408,0,0,0,0
823,-3010.000000000021,-3010.000000000021,0.0,0,3,0.0,-0.3844811320754786,-0.35664779874214075,0,0,0,0
824,-3010.000000000021,-3010.000000000021,0,2,2,0,-0.3844811320754786,-0.35614779874214075,0,0,0,0
825,-3010.000000000021,-3010.000000000021,0,2,0,-0.01999999999999602,-0.40448113207547465,-0.3557311320754741,0,0,0,0
826,-3010.000000000021,-3010.000000000021,0.0,0,3,0.0,-0.3844811320754786,-0.3552311320754741,0,0,0,0
827,-3010.000000000021,-3010.000000000021,0,2,2,0,-0.40448113207547465,-0.3546477987421408,0,0,0,0
828,-3010.000000000021,-3010.000000000021,0,2,1,0.01999999999999602,-0.3844811320754786,-0.3541477987421408,0,0,0,0
829,-3010.000000000021,-3010.000000000021,0,2,2,0.010000000000005116,-0.39448113207546953,-0.35356446540880754,0,0,0,0
830,-3010.000000000021,-3010.000000000021,0,2,0,0.010000000000005116,-0.39448113207546953,-0.3528144654088075,0,0,0,0
831,-3010.000000000021,-3010.000000000021,0,2,0,0.010000000000005116,-0.39448113207546953,-0.3521477987421408,0,0,0,0
832,-2909.99999999997,-2909.99999999997,100.00000000005116,0,3,0.010000000000005116,-0.39448113207546953,-0.3517311320754741,0,0,0,0
833,-2909.99999999997,-2909.99999999997,0,0,0,0,-0.39448113207546953,-0.3513144654088073,0,0,0,0
834,-2909.99999999997,-2909.99999999997,0,2,2,0,-0.3644811320754684,-0.35098113207547393,0,0,0,0
835,-3010.000000000021,-3010.000000000021,-100.00000000005116,0,3,-0.010000000000005116,-0.3744811320754735,-0.35056446540880715,0,0,0,0
836,-3010.000000000021,-3010.000000000021,0,0,0,0,-0.39448113207546953,-0.3503144654088072,0,0,0,0
837,-3010.000000000021,-3010.000000000021,0,0,0,0,-0.3844811320754786,-0.34998113207547377,0,0,0,0
838,-3010.000000000021,-3010.000000000021,0,2,2,0,-0.41448113207547976,-0.3493977987421405,0,0,0,0
839,-3010.000000000021,-3010.000000000021,0,2,2,0.020000000000010232,-0.39448113207546953,-0.34923113207547385,0,0,0,0
840,-3010.000000000021,-3010.000000000021,0,2,1,0.010000000000005116,-0.40448113207547465,-0.3488977987421405,0,0,0,0
841,-3010.000000000021,-3010.000000000021,0,2,2,0.030000000000001137,-0.3844811320754786,-0.3490644654088071,0,0,0,0
842,-3010.000000000021,-3010.000000000021,0,2,2,0.030000000000001137,-0.3844811320754786,-0.34923113207547385,0,0,0,0
843,-3010.000000000021,-3010.000000000021,0,2,2,0.04000000000000625,-0.3744811320754735,-0.3493977987421406,0,0,0,0
844,-3010.000000000021,-3010.000000000021,0,2,2,0.030000000000001137,-0.3844811320754786,-0.349481132075474,0,0,0,0
845,-3010.000000000021,-3010.000000000021,0,2,2,0.030000000000001137,-0.3844811320754786,-0.34956446540880737,0,0,0,0
846,-2909.99999999997,-2909.99999999997,100.00000000005116,0,3,0.010000000000005116,-0.40448113207547465,-0.3498144654088074,0,0,0,0
847,-2909.99999999997,-2909.99999999997,0,0,0,0,-0.3844811320754786,-0.349981132075474,0,0,0,0
848,-2909.99999999997,-2909.99999999997,0,2,2,0,-0.3844811320754786,-0.349731132075474,0,0,0,0
849,-3309.9999999998904,-3309.9999999998904,-399.9999999999204,0,3,-0.03999999999999204,-0.42448113207547067,-0.3498977987421407,0,0,0,0
850,-3309.9999999998904,-3309.9999999998904,0,1,1,0,-0.41448113207547976,-0.35014779874214075,0,0,0,0
851,-3309.9999999998904,-3309.9999999998904,0,1,1,-0.020000000000010232,-0.39448113207546953,-0.35014779874214075,0,0,0,0
852,-3309.9999999998904,-3309.9999999998904,0,1,2,0.0,-0.41448113207547976,-0.3498144654088074,0,0,0,0
853,-3309.9999999998904,-3309.9999999998904,0,1,2,-0.020000000000010232,-0.39448113207546953,-0.34964779874214075,0,0,0,0
854,-3309.9999999998904,-3309.9999999998904,0,1,1,-0.030000000000001137,-0.3844811320754786,-0.3491477987421407,0,0,0,0
855,-3309.9999999998904,-3309.9999999998904,0,1,1,-0.020000000000010232,-0.39448113207546953,-0.34881446540880745,0,0,0,0
856,-3309.9999999998904,-3309.9999999998904,0,1,1,-0.030000000000001137,-0.3844811320754786,-0.3486477987421407,0,0,0,0
857,-3309.9999999998904,-3309.9999999998904,0.0,0,3,0.0,-0.41448113207547976,-0.34839779874214066,0,0,0,0
858,-3309.9999999998904,-3309.9999999998904,0,2,2,0,-0.40448113207547465,-0.34831446540880745,0,0,0,0
859,-3309.9999999998904,-3309.9999999998904,0,2,1,-0.010000000000005116,-0.41448113207547976,-0.3481477987421408,0,0,0,0
860,-3209.999999999839,-3209.999999999839,100.00000000005116,0,3,0.010000000000005116,-0.39448113207546953,-0.3478977987421408,0,0,0,0
861,-3209.999999999839,-3209.999999999839,0,0,3,0,-0.41448113207547976,-0.3475644654088074,0,0,0,0
862,-3209.999999999839,-3209.999999999839,0,1,1,0,-0.40448113207547465,-0.3476477987421408,0,0,0,0
863,-3209.999999999839,-3209.999999999839,0,1,1,0.030000000000001137,-0.4344811320754758,-0.3473977987421408,0,0,0,0
864,-3209.999999999839,-3209.999999999839,0,1,0,0.010000000000005116,-0.41448113207547976,-0.3485644654088074,0,0,0,0
865,-3209.999999999839,-3209.999999999839,0,1,0,0.010000000000005116,-0.41448113207547976,-0.3497311320754741,0,0,0,0
866,-3209.999999999839,-3209.999999999839,0,1,1,0.01999999999999602,-0.42448113207547067,-0.35098113207547416,0,0,0,0
867,-3209.999999999839,-3209.999999999839,0,1,0,-0.12000000000000455,-0.2844811320754701,-0.3522311320754741,0,0,0,0
868,-3209.999999999839,-3209.999999999839,0,1,2,-0.14000000000000057,-0.2644811320754741,-0.35231446540880734,0,0,0,0
869,-3209.999999999839,-3209.999999999839,0,1,2,-0.12999999999999545,-0.2744811320754792,-0.35223113207547396,0,0,0,0
870,-4309.999999999834,-4309.999999999834,-1099.9999999999943,0,3,-0.10999999999999943,-0.2944811320754752,-0.3520644654088073,0,0,0,0
871,-4309.999999999834,-4309.999999999834,0,0,0,0,-0.2944811320754752,-0.3518977987421407,0,0,0,0
872,-4309.999999999834,-4309.999999999834,0,1,1,0,-0.2744811320754792,-0.3521477987421407,0,0,0,0
873,-4309.999999999834,-4309.999999999834,0,1,1,-0.10000000000000853,-0.17448113207547067,-0.3520644654088075,0,0,0,0
874,-4309.999999999834,-4309.999999999834,0,1,2,-0.10000000000000853,-0.17448113207547067,-0.35131446540880745,0,0,0,0
875,-4309.999999999834,-4309.999999999834,0,1,1,-0.09000000000000341,-0.18448113207547578,-0.350731132075474,0,0,0,0
876,-4309.999999999834,-4309.999999999834,0,1,1,-0.10000000000000853,-0.17448113207547067,-0.35006446540880737,0,0,0,0
877,-4309.999999999834,-4309.999999999834,0,1,1,-0.0799999999999983,-0.1944811320754809,-0.34873113207547407,0,0,0,0
878,-4309.999999999834,-4309.999999999834,0,1,1,-0.0799999999999983,-0.1944811320754809,-0.3473144654088075,0,0,0,0
879,-4309.999999999834,-4309.999999999834,0,1,0,-0.07000000000000739,-0.2044811320754718,-0.3457311320754742,0,0,0,0
880,-4309.999999999834,-4309.999999999834,0,1,2,-0.0799999999999983,-0.1944811320754809,-0.34448113207547415,0,0,0,0
881,-5209.999999999867,-5209.999999999867,-900.0000000000341,0,3,-0.09000000000000341,-0.18448113207547578,-0.3433144654088076,0,0,0,0
882,-5209.999999999867,-5209.999999999867,0,0,0,0,-0.21448113207547692,-0.34239779874214094,0,0,0,0
883,-5209.999999999867,-5209.999999999867,0,2,2,0,-0.25448113207546896,-0.3416477987421409,0,0,0,0
884,-5209.999999999867,-5209.999999999867,0,2,2,-0.04000000000000625,-0.2944811320754752,-0.34073113207547423,0,0,0,0
885,-5209.999999999867,-5209.999999999867,0,2,0,-0.04000000000000625,-0.2944811320754752,-0.34014779874214096,0,0,0,0
886,-5209.999999999867,-5209.999999999867,0,2,2,-0.030000000000001137,-0.2844811320754701,-0.3399811320754743,0,0,0,0
887,-5209.999999999867,-5209.999999999867,0,2,0,-0.010000000000005116,-0.2644811320754741,-0.33939779874214093,0,0,0,0
888,-5109.999999999958,-5109.999999999958,99.99999999990905,0,3,0.009999999999990905,-0.24448113207547806,-0.3389811320754743,0,0,0,0
889,-5109.999999999958,-5109.999999999958,0,2,2,0,-0.24448113207547806,-0.33914779874214107,0,0,0,0
890,-5109.999999999958,-5109.999999999958,0,2,0,-0.0799999999999983,-0.32448113207547635,-0.3390644654088078,0,0,0,0
891,-5109.999999999958,-5109.999999999958,0,2,2,-0.0799999999999983,-0.32448113207547635,-0.3394811320754744,0,0,0,0
892,-5109.999999999958,-5109.999999999958,0,2,1,-0.10999999999999943,-0.3544811320754775,-0.34014779874214107,0,0,0,0
893,-5109.999999999958,-5109.999999999958,0,2,2,-0.0899999999999892,-0.33448113207546726,-0.3412311320754745,0,0,0,0
894,-5109.999999999958,-5109.999999999958,0,2,1,-0.0899999999999892,-0.33448113207546726,-0.3422311320754744,0,0,0,0
895,-5709.999999999981,-5709.999999999981,-600.0000000000227,0,3,-0.060000000000002274,-0.30448113207548033,-0.3426477987421411,0,0,0,0
896,-5709.999999999981,-5709.999999999981,0,0,3,0,-0.3544811320754775,-0.3431477987421411,0,0,0,0
897,-5709.999999999981,-5709.999999999981,0,0,0,0,-0.33448113207546726,-0.3438977987421411,0,0,0,0
898,-5709.999999999981,-5709.999999999981,0,0,3,0,-0.32448113207547635,-0.34448113207547437,0,0,0,0
899,-5709.999999999981,-5709.999999999981,0,0,3,0,-0.33448113207546726,-0.3448144654088078,0,0,0,0
900,-5709.999999999981,-5709.999999999981,0,0,0,0,-0.32448113207547635,-0.34548113207547443,0,0,0,0
901,-5709.999999999981,-5709.999999999981,0,1,1,0,-0.33448113207546726,-0.34589779874214105,0,0,0,0
902,-5709.999999999981,-5709.999999999981,0,1,0,0.010000000000005116,-0.3444811320754724,-0.34614779874214097,0,0,0,0
903,-5709.999999999981,-5709.999999999981,0,1,1,0.0,-0.33448113207546726,-0.34664779874214097,0,0,0,0
904,-5709.999999999981,-5709.999999999981,0,1,1,-0.009999999999990905,-0.32448113207547635,-0.34714779874214086,0,0,0,0
905,-5709.999999999981,-5709.999999999981,0,1,2,-0.01999999999999602,-0.31448113207547124,-0.3476477987421409,0,0,0,0
906,-5409.999999999969,-5409.999999999969,300.00000000001137,0,3,0.030000000000001137,-0.3644811320754684,-0.3478977987421409,0,0,0,0
907,-5409.999999999969,-5409.999999999969,0,2,2,0,-0.39448113207546953,-0.3487311320754742,0,0,0,0
908,-5409.999999999969,-5409.999999999969,0,2,1,0.03999999999999204,-0.3544811320754775,-0.34964779874214086,0,0,0,0
909,-5409.999999999969,-5409.999999999969,0,2,2,0.04999999999999716,-0.3444811320754724,-0.3498144654088076,0,0,0,0
910,-5409.999999999969,-5409.999999999969,0,2,1,0.04999999999999716,-0.3444811320754724,-0.3498144654088076,0,0,0,0
911,-5409.999999999969,-5409.999999999969,0,2,0,0.03999999999999204,-0.3544811320754775,-0.3495644654088076,0,0,0,0
912,-5409.999999999969,-5409.999999999969,0,2,2,0.04999999999999716,-0.3444811320754724,-0.34931446540880756,0,0,0,0
913,-5409.999999999969,-5409.999999999969,0,2,0,0.04999999999999716,-0.3444811320754724,-0.3490644654088076,0,0,0,0
914,-4809.999999999946,-4809.999999999946,600.0000000000227,0,3,0.060000000000002274,-0.33448113207546726,-0.34881446540880756,0,0,0,0
915,-4809.999999999946,-4809.999999999946,0,2,2,0,-0.3744811320754735,-0.34839779874214083,0,0,0,0
916,-4309.9999999999745,-4309.9999999999745,499.9999999999716,0,3,0.04999999999999716,-0.32448113207547635,-0.3481477987421408,0,0,0,0
917,-4309.9999999999745,-4309.9999999999745,0,1,1,0,-0.3444811320754724,-0.34756446540880753,0,0,0,0
918,-4309.9999999999745,-4309.9999999999745,0.0,0,3,0.0,-0.3444811320754724,-0.34714779874214086,0,0,0,0
919,-4309.9999999999745,-4309.9999999999745,0,1,1,0,-0.3444811320754724,-0.34698113207547426,0,0,0,0
920,-4309.9999999999745,-4309.9999999999745,0,1,0,-0.010000000000005116,-0.33448113207546726,-0.34664779874214086,0,0,0,0
921,-4309.9999999999745,-4309.9999999999745,0.0,0,3,0.0,-0.3444811320754724,-0.3464811320754741,0,0,0,0
922,-4309.9999999999745,-4309.9999999999745,0,1,1,0,-0.3544811320754775,-0.3463977987421407,0,0,0,0
923,-4309.9999999999745,-4309.9999999999745,0,1,0,-0.060000000000002274,-0.2944811320754752,-0.3463977987421407,0,0,0,0
924,-4309.9999999999745,-4309.9999999999745,0,1,1,-0.04000000000000625,-0.31448113207547124,-0.3459811320754741,0,0,0,0
925,-4609.999999999985,-4609.999999999985,-300.00000000001137,0,3,-0.030000000000001137,-0.32448113207547635,-0.3455644654088074,0,0,0,0
926,-4609.999999999985,-4609.999999999985,0,0,0,0,-0.31448113207547124,-0.3452311320754742,0,0,0,0
927,-4609.999999999985,-4609.999999999985,0,0,0,0,-0.32448113207547635,-0.34489779874214077,0,0,0,0
928,-4609.999999999985,-4609.999999999985,0,0,0,0,-0.33448113207546726,-0.3446477987421408,0,0,0,0
929,-4609.999999999985,-4609.999999999985,0,0,0,0,-0.3544811320754775,-0.34448113207547404,0,0,0,0
930,-4609.999999999985,-4609.999999999985,0,0,0,0,-0.32448113207547635,-0.34439779874214077,0,0,0,0
931,-4609.999999999985,-4609.999999999985,0,1,1,0,-0.33448113207546726,-0.34406446540880753,0,0,0,0
932,-4609.999999999985,-4609.999999999985,0,1,0,0.0,-0.33448113207546726,-0.3437311320754741,0,0,0,0
933,-4609.999999999985,-4609.999999999985,0,1,2,0.010000000000005116,-0.3444811320754724,-0.3433977987421407,0,0,0,0
934,-4609.999999999985,-4609.999999999985,0,1,0,0.010000000000005116,-0.3444811320754724,-0.3432311320754741,0,0,0,0
935,-4609.999999999985,-4609.999999999985,0,1,0,0.030000000000001137,-0.3644811320754684,-0.3430644654088075,0,0,0,0
936,-4609.999999999985,-4609.999999999985,0,1,0,-0.009999999999990905,-0.32448113207547635,-0.3429811320754741,0,0,0,0
937,-4609.999999999985,-4609.999999999985,0,1,1,0.04000000000000625,-0.3744811320754735,-0.3424811320754741,0,0,0,0
938,-4609.999999999985,-4609.999999999985,0,1,2,0.010000000000005116,-0.3444811320754724,-0.3424811320754741,0,0,0,0
939,-4409.999999999884,-4409.999999999884,200.00000000010232,0,3,0.020000000000010232,-0.3544811320754775,-0.3420644654088074,0,0,0,0
940,-4409.999999999884,-4409.999999999884,0,0,3,0,-0.33448113207546726,-0.34198113207547415,0,0,0,0
941,-4409.999999999884,-4409.999999999884,0,2,2,0,-0.3544811320754775,-0.3415644654088074,0,0,0,0
942,-4409.999999999884,-4409.999999999884,0,2,1,0.0,-0.3544811320754775,-0.3413144654088074,0,0,0,0
943,-4409.999999999884,-4409.999999999884,0,2,0,0.030000000000001137,-0.32448113207547635,-0.3411477987421408,0,0,0,0
944,-4409.999999999884,-4409.999999999884,0,2,1,0.010000000000005116,-0.3444811320754724,-0.34064779874214074,0,0,0,0
945,-4109.999999999873,-4109.999999999873,300.00000000001137,0,3,0.030000000000001137,-0.32448113207547635,-0.3403144654088074,0,0,0,0
946,-4109.999999999873,-4109.999999999873,0,0,3,0,-0.31448113207547124,-0.33964779874214074,0,0,0,0
947,-4109.999999999873,-4109.999999999873,0,0,3,0,-0.2044811320754718,-0.3390644654088073,0,0,0,0
948,-4109.999999999873,-4109.999999999873,0,0,3,0,-0.3544811320754775,-0.33739779874214065,0,0,0,0
949,-4109.999999999873,-4109.999999999873,0,1,1,0,-0.3644811320754684,-0.3371477987421406,0,0,0,0
950,-4109.999999999873,-4109.999999999873,0,1,2,0.0,-0.3644811320754684,-0.3368977987421406,0,0,0,0
951,-4109.999999999873,-4109.999999999873,0,1,1,0.010000000000005116,-0.3744811320754735,-0.3366477987421406,0,0,0,0
952,-4409.999999999884,-4409.999999999884,-300.00000000001137,0,3,-0.030000000000001137,-0.33448113207546726,-0.336481132075474,0,0,0,0
953,-4409.999999999884,-4409.999999999884,0,0,0,0,-0.3544811320754775,-0.3359811320754739,0,0,0,0
954,-4409.999999999884,-4409.999999999884,0,2,2,0,-0.3544811320754775,-0.3356477987421407,0,0,0,0
955,-4009.999999999821,-4009.999999999821,400.0000000000625,0,3,0.04000000000000625,-0.31448113207547124,-0.3355644654088074,0,0,0,0
956,-4009.999999999821,-4009.999999999821,0,0,0,0,-0.32448113207547635,-0.3350644654088074,0,0,0,0
957,-4009.999999999821,-4009.999999999821,0,0,3,0,-0.32448113207547635,-0.33448113207547414,0,0,0,0
958,-4009.999999999821,-4009.999999999821,0,1,1,0,-0.2844811320754701,-0.3339811320754741,0,0,0,0
959,-4009.999999999821,-4009.999999999821,0,1,2,0.010000000000005116,-0.2944811320754752,-0.3328977987421407,0,0,0,0
960,-3809.9999999997185,-3809.9999999997185,200.00000000010232,0,3,0.020000000000010232,-0.30448113207548033,-0.3320644654088074,0,0,0,0
961,-3809.9999999997185,-3809.9999999997185,0,0,0,0,-0.32448113207547635,-0.3312311320754741,0,0,0,0
962,-3809.9999999997185,-3809.9999999997185,0,1,1,0,-0.30448113207548033,-0.3307311320754741,0,0,0,0
963,-3809.9999999997185,-3809.9999999997185,0,1,1,0.009999999999990905,-0.31448113207547124,-0.33006446540880746,0,0,0,0
964,-3809.9999999997185,-3809.9999999997185,0,1,1,0.009999999999990905,-0.31448113207547124,-0.3295644654088074,0,0,0,0
965,-3809.9999999997185,-3809.9999999997185,0,1,2,0.01999999999999602,-0.32448113207547635,-0.328981132075474,0,0,0,0
966,-4009.999999999821,-4009.999999999821,-200.00000000010232,0,3,-0.020000000000010232,-0.2844811320754701,-0.328481132075474,0,0,0,0
967,-4009.999999999821,-4009.999999999821,0,2,2,0,-0.2744811320754792,-0.32748113207547397,0,0,0,0
968,-4009.999999999821,-4009.999999999821,0,2,2,0.010000000000005116,-0.2644811320754741,-0.3265644654088073,0,0,0,0
969,-3309.999999999747,-3309.999999999747,700.0000000000739,0,3,0.07000000000000739,-0.2044811320754718,-0.3255644654088073,0,0,0,0
970,-3309.999999999747,-3309.999999999747,0,0,3,0,-0.18448113207547578,-0.32373113207547394,0,0,0,0
971,-3309.999999999747,-3309.999999999747,0,0,3,0,-0.25448113207546896,-0.32181446540880726,0,0,0,0
972,-3309.999999999747,-3309.999999999747,0,1,1,0,-0.2744811320754792,-0.3206477987421406,0,0,0,0
973,-3309.999999999747,-3309.999999999747,0,1,2,0.05999999999998806,-0.33448113207546726,-0.3194811320754739,0,0,0,0
974,-3309.999999999747,-3309.999999999747,0,1,1,0.0899999999999892,-0.3644811320754684,-0.3189811320754739,0,0,0,0
975,-3309.999999999747,-3309.999999999747,0,1,2,0.03999999999999204,-0.31448113207547124,-0.31881446540880715,0,0,0,0
976,-3309.999999999747,-3309.999999999747,0,1,2,0.04999999999999716,-0.32448113207547635,-0.3181477987421405,0,0,0,0
977,-3309.999999999747,-3309.999999999747,0,1,0,0.0899999999999892,-0.3644811320754684,-0.3176477987421405,0,0,0,0
978,-2609.9999999998154,-2609.9999999998154,699.9999999999318,0,3,0.06999999999999318,-0.3444811320754724,-0.3172311320754737,0,0,0,0
979,-2609.9999999998154,-2609.9999999998154,0,1,1,0,-0.2944811320754752,-0.3167311320754737,0,0,0,0
980,-2509.9999999997644,-2509.9999999997644,100.00000000005116,0,3,0.010000000000005116,-0.30448113207548033,-0.31573113207547365,0,0,0,0
981,-2509.9999999997644,-2509.9999999997644,0,0,3,0,-0.31448113207547124,-0.31498113207547374,0,0,0,0
982,-2509.9999999997644,-2509.9999999997644,0,0,3,0,-0.31448113207547124,-0.3141477987421403,0,0,0,0
983,-2509.9999999997644,-2509.9999999997644,0,0,3,0,-0.31448113207547124,-0.3133977987421403,0,0,0,0
984,-2509.9999999997644,-2509.9999999997644,0,2,2,0,-0.3644811320754684,-0.3123977987421403,0,0,0,0
985,-2309.9999999998045,-2309.9999999998045,199.9999999999602,0,3,0.01999999999999602,-0.3444811320754724,-0.3119811320754735,0,0,0,0
986,-2309.9999999998045,-2309.9999999998045,0,0,3,0,-0.3544811320754775,-0.31139779874214013,0,0,0,0
987,-2309.9999999998045,-2309.9999999998045,0,2,2,0,-0.3544811320754775,-0.31081446540880686,0,0,0,0
988,-2309.9999999998045,-2309.9999999998045,0,2,0,0.030000000000001137,-0.32448113207547635,-0.31139779874214024,0,0,0,0
989,-2309.9999999998045,-2309.9999999998045,0,2,2,0.010000000000005116,-0.3444811320754724,-0.31189779874214024,0,0,0,0
990,-2309.9999999998045,-2309.9999999998045,0,2,1,0.04000000000000625,-0.31448113207547124,-0.3124811320754735,0,0,0,0
991,-2309.9999999998045,-2309.9999999998045,0,2,0,-0.009999999999990905,-0.3644811320754684,-0.31264779874214016,0,0,0,0
992,-2309.9999999998045,-2309.9999999998045,0,2,2,0.010000000000005116,-0.3444811320754724,-0.31323113207547343,0,0,0,0
993,-2309.9999999998045,-2309.9999999998045,0,2,2,0.020000000000010232,-0.33448113207546726,-0.3138144654088067,0,0,0,0
994,-2309.9999999998045,-2309.9999999998045,0,2,2,0.010000000000005116,-0.3444811320754724,-0.31514779874214,0,0,0,0
995,-2309.9999999998045,-2309.9999999998045,0,2,0,0.020000000000010232,-0.33448113207546726,-0.31656446540880673,0,0,0,0
996,-2309.9999999998045,-2309.9999999998045,0,2,1,0.020000000000010232,-0.33448113207546726,-0.31781446540880665,0,0,0,0
997,-2109.999999999702,-2109.999999999702,200.00000000010232,0,3,0.020000000000010232,-0.33448113207546726,-0.31914779874213994,0,0,0,0
998,-2109.999999999702,-2109.999999999702,0,0,0,0,-0.3444811320754724,-0.3203144654088065,0,0,0,0
999,-2109.999999999702,-2109.999999999702,0,1,1,0,-0.3444811320754724,-0.3215644654088064,0,0,0,0
1000,-2109.999999999702,-2109.999999999702,0,1,1,0.0,-0.3444811320754724,-0.3227311320754731,0,0,0,0
1001,-2109.999999999702,-2109.999999999702,0,1,0,-0.010000000000005116,-0.33448113207546726,-0.323981132075473,0,0,0,0
1002,-2109.999999999702,-2109.999999999702,0,1,1,0.0,-0.3444811320754724,-0.32523113207547294,0,0,0,0
1003,-2109.999999999702,-2109.999999999702,0,1,2,0.010000000000005116,-0.3544811320754775,-0.32631446540880626,0,0,0,0
1004,-2109.999999999702,-2109.999999999702,0,1,1,0.0,-0.3444811320754724,-0.3271477987421397,0,0,0,0
1005,-2209.9999999997535,-2209.9999999997535,-100.00000000005116,0,3,-0.010000000000005116,-0.33448113207546726,-0.3275644654088063,0,0,0,0
1006,-2209.9999999997535,-2209.9999999997535,0,0,3,0,-0.3444811320754724,-0.32789779874213953,0,0,0,0
1007,-2209.9999999997535,-2209.9999999997535,0,0,3,0,-0.33448113207546726,-0.3283977987421396,0,0,0,0
1008,-2209.9999999997535,-2209.9999999997535,0,1,1,0,-0.33448113207546726,-0.32898113207547286,0,0,0,0
1009,-2309.9999999996626,-2309.9999999996626,-99.99999999990905,0,3,-0.009999999999990905,-0.32448113207547635,-0.3297311320754728,0,0,0,0
1010,-2309.9999999996626,-2309.9999999996626,0,2,2,0,-0.33448113207546726,-0.3303977987421394,0,0,0,0
1011,-2309.9999999996626,-2309.9999999996626,0,2,1,0.03999999999999204,-0.2944811320754752,-0.3304811320754727,0,0,0,0
1012,-2309.9999999996626,-2309.9999999996626,0,2,2,-0.010000000000005116,-0.3444811320754724,-0.33023113207547267,0,0,0,0
1013,-2309.9999999996626,-2309.9999999996626,0,2,2,-0.030000000000001137,-0.3644811320754684,-0.3301477987421393,0,0,0,0
1014,-2409.9999999997135,-2409.9999999997135,-100.00000000005116,0,3,-0.010000000000005116,-0.3444811320754724,-0.3303977987421393,0,0,0,0
1015,-2409.9999999997135,-2409.9999999997135,0,1,1,0,-0.3444811320754724,-0.3304811320754727,0,0,0,0
1016,-2409.9999999997135,-2409.9999999997135,0,1,0,-0.010000000000005116,-0.33448113207546726,-0.33081446540880594,0,0,0,0
1017,-2609.9999999996735,-2609.9999999996735,-199.9999999999602,0,3,-0.01999999999999602,-0.32448113207547635,-0.3306477987421392,0,0,0,0
1018,-2609.9999999996735,-2609.9999999996735,0,2,2,0,-0.32448113207547635,-0.3305644654088059,0,0,0,0
1019,-2609.9999999996735,-2609.9999999996735,0,2,1,-0.01999999999999602,-0.3444811320754724,-0.3305644654088059,0,0,0,0
1020,-2609.9999999996735,-2609.9999999996735,0,2,0,-0.01999999999999602,-0.3444811320754724,-0.3306477987421393,0,0,0,0
1021,-2609.9999999996735,-2609.9999999996735,0,2,0,-0.01999999999999602,-0.3444811320754724,-0.33081446540880594,0,0,0,0
1022,-2609.9999999996735,-2609.9999999996735,0,2,1,-0.030000000000001137,-0.3544811320754775,-0.3308977987421393,0,0,0,0
1023,-2609.9999999996735,-2609.9999999996735,0,2,0,-0.030000000000001137,-0.3544811320754775,-0.3309811320754727,0,0,0,0
1024,-2609.9999999996735,-2609.9999999996735,0,2,2,-0.030000000000001137,-0.3544811320754775,-0.33114779874213945,0,0,0,0
1025,-2609.9999999996735,-2609.9999999996735,0,2,0,-0.03999999999999204,-0.3644811320754684,-0.3313977987421394,0,0,0,0
1026,-2609.9999999996735,-2609.9999999996735,0,2,2,-0.01999999999999602,-0.3444811320754724,-0.3318144654088061,0,0,0,0
1027,-2609.9999999996735,-2609.9999999996735,0,2,0,-0.030000000000001137,-0.3544811320754775,-0.33164779874213945,0,0,0,0
1028,-2909.999999999685,-2909.999999999685,-300.00000000001137,0,3,-0.030000000000001137,-0.3544811320754775,-0.3313144654088062,0,0,0,0
1029,-2909.999999999685,-2909.999999999685,0,0,0,0,-0.3544811320754775,-0.3313144654088062,0,0,0,0
1030,-2909.999999999685,-2909.999999999685,0,2,2,0,-0.32448113207547635,-0.3313977987421396,0,0,0,0
1031,-2909.999999999685,-2909.999999999685,0,2,2,-0.009999999999990905,-0.33448113207546726,-0.33123113207547294,0,0,0,0
1032,-2909.999999999685,-2909.999999999685,0,2,2,-0.009999999999990905,-0.33448113207546726,-0.3310644654088062,0,0,0,0
1033,-2909.999999999685,-2909.999999999685,0,2,0,-0.01999999999999602,-0.3444811320754724,-0.3309811320754728,0,0,0,0
1034,-3009.999999999594,-3009.999999999594,-99.99999999990905,0,3,-0.009999999999990905,-0.33448113207546726,-0.3309811320754728,0,0,0,0
1035,-3009.999999999594,-3009.999999999594,0,2,2,0,-0.33448113207546726,-0.3309811320754728,0,0,0,0
1036,-3009.999999999594,-3009.999999999594,0,2,2,0.009999999999990905,-0.32448113207547635,-0.3306477987421394,0,0,0,0
1037,-3009.999999999594,-3009.999999999594,0,2,0,0.0,-0.33448113207546726,-0.3306477987421394,0,0,0,0
1038,-3009.999999999594,-3009.999999999594,0,2,2,0.0,-0.33448113207546726,-0.3305644654088061,0,0,0,0
1039,-3009.999999999594,-3009.999999999594,0,2,0,0.01999999999999602,-0.31448113207547124,-0.3304811320754727,0,0,0,0
1040,-3009.999999999594,-3009.999999999594,0,2,1,0.009999999999990905,-0.32448113207547635,-0.33023113207547267,0,0,0,0
1041,-3009.999999999594,-3009.999999999594,0.0,0,3,0.0,-0.33448113207546726,-0.3301477987421394,0,0,0,0
1042,-3009.999999999594,-3009.999999999594,0,0,3,0,-0.3444811320754724,-0.330064465408806,0,0,0,0
1043,-3009.999999999594,-3009.999999999594,0,2,2,0,-0.3444811320754724,-0.32998113207547264,0,0,0,0
1044,-3009.999999999594,-3009.999999999594,0,2,0,-0.01999999999999602,-0.3644811320754684,-0.3303977987421393,0,0,0,0
1045,-3009.999999999594,-3009.999999999594,0,2,1,-0.010000000000005116,-0.3544811320754775,-0.33081446540880594,0,0,0,0
1046,-3009.999999999594,-3009.999999999594,0,2,1,0.01999999999999602,-0.32448113207547635,-0.33106446540880596,0,0,0,0
1047,-3009.999999999594,-3009.999999999594,0,2,0,0.010000000000005116,-0.33448113207546726,-0.33114779874213934,0,0,0,0
1048,-3009.999999999594,-3009.999999999594,0,2,1,-0.010000000000005116,-0.3544811320754775,-0.33123113207547256,0,0,0,0
1049,-2709.9999999995825,-2709.9999999995825,300.00000000001137,0,3,0.030000000000001137,-0.31448113207547124,-0.3313977987421393,0,0,0,0
1050,-2709.9999999995825,-2709.9999999995825,0,0,0,0,-0.32448113207547635,-0.33106446540880596,0,0,0,0
1051,-2709.9999999995825,-2709.9999999995825,0,1,1,0,-0.3444811320754724,-0.33106446540880596,0,0,0,0
1052,-3009.999999999594,-3009.999999999594,-300.00000000001137,0,3,-0.030000000000001137,-0.31448113207547124,-0.33114779874213934,0,0,0,0
1053,-3009.999999999594,-3009.999999999594,0,1,1,0,-0.33448113207546726,-0.3309811320754727,0,0,0,0
1054,-3209.9999999995543,-3209.9999999995543,-199.9999999999602,0,3,-0.01999999999999602,-0.31448113207547124,-0.3308977987421393,0,0,0,0
1055,-3209.9999999995543,-3209.9999999995543,0,0,3,0,-0.32448113207547635,-0.3306477987421393,0,0,0,0
1056,-3209.9999999995543,-3209.9999999995543,0,1,1,0,-0.3444811320754724,-0.33031446540880605,0,0,0,0
1057,-3209.9999999995543,-3209.9999999995543,0,1,0,-0.01999999999999602,-0.32448113207547635,-0.3304811320754727,0,0,0,0
1058,-3209.9999999995543,-3209.9999999995543,0,1,2,0.0,-0.3444811320754724,-0.330064465408806,0,0,0,0
1059,-3409.9999999995143,-3409.9999999995143,-199.9999999999602,0,3,-0.01999999999999602,-0.32448113207547635,-0.330064465408806,0,0,0,0
1060,-3409.9999999995143,-3409.9999999995143,0,1,1,0,-0.33448113207546726,-0.32981446540880605,0,0,0,0
1061,-3409.9999999995143,-3409.9999999995143,0,1,1,0.0,-0.33448113207546726,-0.32981446540880605,0,0,0,0
1062,-3409.9999999995143,-3409.9999999995143,0,1,0,-0.009999999999990905,-0.32448113207547635,-0.3296477987421393,0,0,0,0
1063,-3609.9999999994743,-3609.9999999994743,-199.9999999999602,0,3,-0.01999999999999602,-0.31448113207547124,-0.32939779874213926,0,0,0,0
1064,-3609.9999999994743,-3609.9999999994743,0,0,0,0,-0.2844811320754701,-0.3293144654088059,0,0,0,0
1065,-3609.9999999994743,-3609.9999999994743,0,2,2,0,-0.2644811320754741,-0.3288144654088059,0,0,0,0
1066,-3609.9999999994743,-3609.9999999994743,0,2,2,-0.030000000000001137,-0.2944811320754752,-0.3283144654088058,0,0,0,0
1067,-3609.9999999994743,-3609.9999999994743,0,2,1,-0.030000000000001137,-0.2944811320754752,-0.32814779874213923,0,0,0,0
1068,-4109.999999999446,-4109.999999999446,-499.9999999999716,0,3,-0.04999999999999716,-0.31448113207547124,-0.32889779874213926,0,0,0,0
1069,-4109.999999999446,-4109.999999999446,0,1,1,0,-0.2744811320754792,-0.32856446540880585,0,0,0,0
1070,-4109.999999999446,-4109.999999999446,0,1,2,0.009999999999990905,-0.2844811320754701,-0.32781446540880593,0,0,0,0
1071,-4109.999999999446,-4109.999999999446,0,1,2,0.009999999999990905,-0.2844811320754701,-0.3271477987421393,0,0,0,0
1072,-4109.999999999446,-4109.999999999446,0,1,1,0.0,-0.2744811320754792,-0.32639779874213926,0,0,0,0
1073,-4109.999999999446,-4109.999999999446,0,1,1,0.009999999999990905,-0.2844811320754701,-0.32589779874213937,0,0,0,0
1074,-4109.999999999446,-4109.999999999446,0,1,2,0.009999999999990905,-0.2844811320754701,-0.325314465408806,0,0,0,0
1075,-4109.999999999446,-4109.999999999446,0,1,0,0.01999999999999602,-0.2944811320754752,-0.32473113207547255,0,0,0,0
1076,-4109.999999999446,-4109.999999999446,0,1,2,0.05999999999998806,-0.33448113207546726,-0.32456446540880596,0,0,0,0
1077,-4009.999999999537,-4009.999999999537,99.99999999990905,0,3,0.009999999999990905,-0.2844811320754701,-0.32464779874213917,0,0,0,0
1078,-4009.999999999537,-4009.999999999537,0,0,3,0,-0.30448113207548033,-0.3243144654088058,0,0,0,0
1079,-4009.999999999537,-4009.999999999537,0,1,1,0,-0.31448113207547124,-0.3244811320754726,0,0,0,0
1080,-4009.999999999537,-4009.999999999537,0,1,1,-0.009999999999990905,-0.30448113207548033,-0.32464779874213917,0,0,0,0
1081,-4009.999999999537,-4009.999999999537,0,1,2,-0.01999999999999602,-0.2944811320754752,-0.32464779874213917,0,0,0,0
1082,-4209.999999999497,-4209.999999999497,-199.9999999999602,0,3,-0.01999999999999602,-0.2944811320754752,-0.3243977987421392,0,0,0,0
1083,-4209.999999999497,-4209.999999999497,0,1,1,0,-0.32448113207547635,-0.3243144654088058,0,0,0,0
1084,-4209.999999999497,-4209.999999999497,0,1,2,0.0,-0.32448113207547635,-0.3243977987421392,0,0,0,0
1085,-4209.999999999497,-4209.999999999497,0,1,1,0.0,-0.32448113207547635,-0.3244811320754726,0,0,0,0
1086,-4209.999999999497,-4209.999999999497,0,1,2,-0.04000000000000625,-0.2844811320754701,-0.3244811320754726,0,0,0,0
1087,-4209.999999999497,-4209.999999999497,0,1,0,-0.04000000000000625,-0.2844811320754701,-0.3244811320754726,0,0,0,0
1088,-4209.999999999497,-4209.999999999497,0,1,1,-0.030000000000001137,-0.2944811320754752,-0.32456446540880585,0,0,0,0
1089,-4209.999999999497,-4209.999999999497,0,1,1,-0.04999999999999716,-0.2744811320754792,-0.3248144654088058,0,0,0,0
1090,-4209.999999999497,-4209.999999999497,0,1,0,-0.0799999999999983,-0.24448113207547806,-0.3253977987421392,0,0,0,0
1091,-4209.999999999497,-4209.999999999497,0,1,0,-0.14000000000000057,-0.18448113207547578,-0.32589779874213926,0,0,0,0
1092,-4209.999999999497,-4209.999999999497,0,1,1,-0.12999999999999545,-0.1944811320754809,-0.325314465408806,0,0,0,0
1093,-5409.9999999995425,-5409.9999999995425,-1200.0000000000455,0,3,-0.12000000000000455,-0.2044811320754718,-0.32464779874213934,0,0,0,0
1094,-5409.9999999995425,-5409.9999999995425,0,1,1,0,-0.17448113207547067,-0.323564465408806,0,0,0,0
1095,-5409.9999999995425,-5409.9999999995425,0,1,2,-0.04999999999999716,-0.12448113207547351,-0.3219811320754727,0,0,0,0
1096,-5409.9999999995425,-5409.9999999995425,0,1,1,-0.030000000000001137,-0.14448113207546953,-0.3203977987421394,0,0,0,0
1097,-5509.999999999452,-5509.999999999452,-99.99999999990905,0,3,-0.009999999999990905,-0.16448113207547976,-0.31889779874213936,0,0,0,0
1098,-5509.999999999452,-5509.999999999452,0,2,2,0,-0.1944811320754809,-0.31723113207547277,0,0,0,0
1099,-5509.999999999452,-5509.999999999452,0,2,1,-0.009999999999990905,-0.2044811320754718,-0.31598113207547285,0,0,0,0
1100,-5509.999999999452,-5509.999999999452,0,2,2,-0.009999999999990905,-0.2044811320754718,-0.3152311320754728,0,0,0,0
1101,-5509.999999999452,-5509.999999999452,0,2,0,-0.009999999999990905,-0.2044811320754718,-0.3143977987421394,0,0,0,0
1102,-5509.999999999452,-5509.999999999452,0,2,1,-0.029999999999986926,-0.22448113207546783,-0.31348113207547273,0,0,0,0
1103,-6009.999999999423,-6009.999999999423,-499.9999999999716,0,3,-0.04999999999999716,-0.24448113207547806,-0.3127311320754727,0,0,0,0
1104,-6009.999999999423,-6009.999999999423,0,0,3,0,-0.23448113207547294,-0.31214779874213944,0,0,0,0
1105,-6009.999999999423,-6009.999999999423,0,2,2,0,-0.21448113207547692,-0.3110644654088061,0,0,0,0
1106,-5909.999999999372,-5909.999999999372,100.00000000005116,0,3,0.010000000000005116,-0.2044811320754718,-0.30998113207547284,0,0,0,0
1107,-5909.999999999372,-5909.999999999372,0,0,0,0,-0.18448113207547578,-0.3087311320754728,0,0,0,0
1108,-5909.999999999372,-5909.999999999372,0,0,0,0,-0.1944811320754809,-0.30731446540880614,0,0,0,0
1109,-5909.999999999372,-5909.999999999372,0,0,0,0,-0.22448113207546783,-0.3062311320754728,0,0,0,0
1110,-5909.999999999372,-5909.999999999372,0,2,2,0,-0.22448113207546783,-0.30523113207547276,0,0,0,0
1111,-5909.999999999372,-5909.999999999372,0,2,2,-0.010000000000005116,-0.23448113207547294,-0.3044811320754727,0,0,0,0
1112,-6209.999999999383,-6209.999999999383,-300.00000000001137,0,3,-0.030000000000001137,-0.25448113207546896,-0.30339779874213946,0,0,0,0
1113,-6209.999999999383,-6209.999999999383,0,1,1,0,-0.2744811320754792,-0.30264779874213943,0,0,0,0
1114,-6209.999999999383,-6209.999999999383,0,1,2,-0.05000000000001137,-0.22448113207546783,-0.30214779874213954,0,0,0,0
1115,-7009.999999999366,-7009.999999999366,-799.999999999983,0,3,-0.0799999999999983,-0.1944811320754809,-0.3011477987421395,0,0,0,0
1116,-7009.999999999366,-7009.999999999366,0,2,2,0,-0.1944811320754809,-0.29998113207547294,0,0,0,0
1117,-7009.999999999366,-7009.999999999366,0,2,1,0.0,-0.1944811320754809,-0.2988144654088064,0,0,0,0
1118,-7009.999999999366,-7009.999999999366,0,2,2,-0.03999999999999204,-0.23448113207547294,-0.2976477987421398,0,0,0,0
1119,-7409.999999999287,-7409.999999999287,-399.9999999999204,0,3,-0.03999999999999204,-0.23448113207547294,-0.2967311320754732,0,0,0,0
1120,-7409.999999999287,-7409.999999999287,0,1,1,0,-0.24448113207547806,-0.2958144654088065,0,0,0,0
1121,-7409.999999999287,-7409.999999999287,0,1,1,0.0,-0.24448113207547806,-0.2949811320754732,0,0,0,0
1122,-7409.999999999287,-7409.999999999287,0,1,0,0.009999999999990905,-0.25448113207546896,-0.2942311320754733,0,0,0,0
1123,-7409.999999999287,-7409.999999999287,0,1,1,0.03999999999999204,-0.2844811320754701,-0.29348113207547327,0,0,0,0
1124,-7409.999999999287,-7409.999999999287,0,1,1,0.03999999999999204,-0.2844811320754701,-0.2928977987421399,0,0,0,0
1125,-7409.999999999287,-7409.999999999287,0,1,1,0.009999999999990905,-0.25448113207546896,-0.2923977987421399,0,0,0,0
1126,-7409.999999999287,-7409.999999999287,0,1,2,0.030000000000001137,-0.2744811320754792,-0.29173113207547324,0,0,0,0
1127,-7409.999999999287,-7409.999999999287,0,1,1,0.03999999999999204,-0.2844811320754701,-0.2911477987421399,0,0,0,0
1128,-7309.999999999378,-7309.999999999378,99.99999999990905,0,3,0.009999999999990905,-0.25448113207546896,-0.2907311320754733,0,0,0,0
1129,-7309.999999999378,-7309.999999999378,0,0,3,0,-0.2844811320754701,-0.29006446540880665,0,0,0,0
1130,-7309.999999999378,-7309.999999999378,0,2,2,0,-0.25448113207546896,-0.28973113207547324,0,0,0,0
1131,-7309.999999999378,-7309.999999999378,0,2,0,-0.020000000000010232,-0.2744811320754792,-0.2890644654088066,0,0,0,0
1132,-7309.999999999378,-7309.999999999378,0,2,1,-0.04000000000000625,-0.2944811320754752,-0.28889779874214,0,0,0,0
1133,-7309.999999999378,-7309.999999999378,0,2,2,0.0,-0.25448113207546896,-0.2884811320754733,0,0,0,0
1134,-7309.999999999378,-7309.999999999378,0,2,1,-0.030000000000001137,-0.2844811320754701,-0.28756446540880665,0,0,0,0
1135,-7309.999999999378,-7309.999999999378,0,2,1,-0.05000000000001137,-0.30448113207548033,-0.28706446540880665,0,0,0,0
1136,-7309.999999999378,-7309.999999999378,0,2,2,-0.060000000000002274,-0.31448113207547124,-0.2867311320754734,0,0,0,0
1137,-7309.999999999378,-7309.999999999378,0,2,1,-0.04000000000000625,-0.2944811320754752,-0.28656446540880676,0,0,0,0
1138,-7309.999999999378,-7309.999999999378,0,2,0,-0.04000000000000625,-0.2944811320754752,-0.28631446540880673,0,0,0,0
1139,-7309.999999999378,-7309.999999999378,0,2,0,-0.060000000000002274,-0.31448113207547124,-0.28606446540880676,0,0,0,0
1140,-7309.999999999378,-7309.999999999378,0,2,1,-0.0799999999999983,-0.33448113207546726,-0.28581446540880673,0,0,0,0
1141,-7309.999999999378,-7309.999999999378,0,2,0,-0.060000000000002274,-0.31448113207547124,-0.28573113207547335,0,0,0,0
1142,-7309.999999999378,-7309.999999999378,0,2,0,-0.060000000000002274,-0.31448113207547124,-0.2854811320754733,0,0,0,0
1143,-7309.999999999378,-7309.999999999378,0,2,2,-0.04000000000000625,-0.2944811320754752,-0.28514779874213997,0,0,0,0
1144,-7309.999999999378,-7309.999999999378,0,2,0,-0.010000000000005116,-0.2644811320754741,-0.2846477987421399,0,0,0,0
1145,-7309.999999999378,-7309.999999999378,0,2,2,-0.030000000000001137,-0.2844811320754701,-0.2838977987421399,0,0,0,0
1146,-7309.999999999378,-7309.999999999378,0,2,1,-0.04000000000000625,-0.2944811320754752,-0.28323113207547324,0,0,0,0
1147,-7309.999999999378,-7309.999999999378,0,2,0,-0.060000000000002274,-0.31448113207547124,-0.2828144654088066,0,0,0,0
1148,-7309.999999999378,-7309.999999999378,0,2,0,-0.060000000000002274,-0.31448113207547124,-0.2824811320754732,0,0,0,0
1149,-7309.999999999378,-7309.999999999378,0,2,1,-0.020000000000010232,-0.2744811320754792,-0.28214779874213985,0,0,0,0
1150,-8009.999999999452,-8009.999999999452,-700.0000000000739,0,3,-0.07000000000000739,-0.32448113207547635,-0.2814811320754732,0,0,0,0
1151,-8009.999999999452,-8009.999999999452,0,2,2,0,-0.33448113207546726,-0.2814811320754732,0,0,0,0
1152,-8009.999999999452,-8009.999999999452,0,2,1,0.029999999999986926,-0.30448113207548033,-0.2814811320754732,0,0,0,0
1153,-8009.999999999452,-8009.999999999452,0,2,2,0.04999999999999716,-0.2844811320754701,-0.2812311320754733,0,0,0,0
1154,-8009.999999999452,-8009.999999999452,0,2,0,0.009999999999990905,-0.32448113207547635,-0.2807311320754733,0,0,0,0
1155,-8009.999999999452,-8009.999999999452,0,2,0,0.03999999999999204,-0.2944811320754752,-0.28064779874214,0,0,0,0
1156,-8009.999999999452,-8009.999999999452,0,2,0,0.009999999999990905,-0.32448113207547635,-0.2803144654088067,0,0,0,0
1157,-8009.999999999452,-8009.999999999452,0,2,0,0.01999999999999602,-0.31448113207547124,-0.2803144654088067,0,0,0,0
1158,-7809.999999999492,-7809.999999999492,199.9999999999602,0,3,0.01999999999999602,-0.31448113207547124,-0.28014779874214013,0,0,0,0
1159,-7809.999999999492,-7809.999999999492,0,2,2,0,-0.30448113207548033,-0.2799811320754735,0,0,0,0
1160,-7809.999999999492,-7809.999999999492,0,2,0,0.04000000000000625,-0.2644811320754741,-0.2798977987421402,0,0,0,0
1161,-7809.999999999492,-7809.999999999492,0,2,1,0.04000000000000625,-0.2644811320754741,-0.2793977987421402,0,0,0,0
1162,-7809.999999999492,-7809.999999999492,0,2,0,-0.009999999999990905,-0.31448113207547124,-0.27881446540880694,0,0,0,0
1163,-7409.999999999429,-7409.999999999429,400.0000000000625,0,3,0.04000000000000625,-0.2644811320754741,-0.2785644654088069,0,0,0,0
1164,-7409.999999999429,-7409.999999999429,0,1,1,0,-0.24448113207547806,-0.27789779874214027,0,0,0,0
1165,-7409.999999999429,-7409.999999999429,0,1,1,0.01999999999999602,-0.2644811320754741,-0.2768977987421403,0,0,0,0
1166,-7409.999999999429,-7409.999999999429,0,1,2,0.03999999999999204,-0.2844811320754701,-0.2761477987421403,0,0,0,0
1167,-7409.999999999429,-7409.999999999429,0,1,1,0.009999999999990905,-0.25448113207546896,-0.27581446540880694,0,0,0,0
1168,-7409.999999999429,-7409.999999999429,0,1,1,0.06999999999999318,-0.31448113207547124,-0.2751477987421403,0,0,0,0
1169,-7409.999999999429,-7409.999999999429,0,1,2,0.060000000000002274,-0.30448113207548033,-0.2748144654088069,0,0,0,0
1170,-7409.999999999429,-7409.999999999429,0,1,1,0.10999999999999943,-0.3544811320754775,-0.2747311320754736,0,0,0,0
1171,-6409.999999999485,-6409.999999999485,999.9999999999432,0,3,0.09999999999999432,-0.3444811320754724,-0.27498113207547364,0,0,0,0
1172,-6409.999999999485,-6409.999999999485,0,1,1,0,-0.30448113207548033,-0.27498113207547364,0,0,0,0
1173,-6309.999999999576,-6309.999999999576,99.99999999990905,0,3,0.009999999999990905,-0.31448113207547124,-0.2748977987421404,0,0,0,0
1174,-6309.999999999576,-6309.999999999576,0,2,2,0,-0.3744811320754735,-0.2747311320754738,0,0,0,0
1175,-6309.999999999576,-6309.999999999576,0,2,0,0.030000000000001137,-0.3444811320754724,-0.2752311320754738,0,0,0,0
1176,-6309.999999999576,-6309.999999999576,0,2,2,0.060000000000002274,-0.31448113207547124,-0.27539779874214043,0,0,0,0
1177,-6309.999999999576,-6309.999999999576,0,2,2,0.04000000000000625,-0.33448113207546726,-0.2751477987421404,0,0,0,0
1178,-6309.999999999576,-6309.999999999576,0,2,2,0.04999999999999716,-0.32448113207547635,-0.2752311320754737,0,0,0,0
1179,-6309.999999999576,-6309.999999999576,0,2,0,0.030000000000001137,-0.3444811320754724,-0.275064465408807,0,0,0,0
1180,-6309.999999999576,-6309.999999999576,0,2,2,0.06999999999999318,-0.30448113207548033,-0.2752311320754737,0,0,0,0
1181,-6309.999999999576,-6309.999999999576,0,2,0,0.030000000000001137,-0.3444811320754724,-0.27498113207547376,0,0,0,0
1182,-6309.999999999576,-6309.999999999576,0,2,1,0.0,-0.3744811320754735,-0.27506446540880714,0,0,0,0
1183,-6309.999999999576,-6309.999999999576,0,2,1,0.04999999999999716,-0.32448113207547635,-0.2754811320754738,0,0,0,0
1184,-6309.999999999576,-6309.999999999576,0,2,2,0.01999999999999602,-0.3544811320754775,-0.27556446540880714,0,0,0,0
1185,-6309.999999999576,-6309.999999999576,0,2,1,0.01999999999999602,-0.3544811320754775,-0.27614779874214057,0,0,0,0
1186,-6309.999999999576,-6309.999999999576,0,2,0,0.010000000000005116,-0.3644811320754684,-0.2768977987421406,0,0,0,0
1187,-6309.999999999576,-6309.999999999576,0,2,0,0.0,-0.3744811320754735,-0.27748113207547387,0,0,0,0
1188,-6309.999999999576,-6309.999999999576,0,2,2,0.010000000000005116,-0.3644811320754684,-0.2781477987421405,0,0,0,0
1189,-6309.999999999576,-6309.999999999576,0,2,2,0.01999999999999602,-0.3544811320754775,-0.27856446540880714,0,0,0,0
1190,-6209.999999999525,-6209.999999999525,100.00000000005116,0,3,0.010000000000005116,-0.3644811320754684,-0.2792311320754738,0,0,0,0
1191,-6209.999999999525,-6209.999999999525,0,0,3,0,-0.3444811320754724,-0.27989779874214044,0,0,0,0
1192,-6209.999999999525,-6209.999999999525,0,2,2,0,-0.3544811320754775,-0.2803977987421405,0,0,0,0
1193,-6309.999999999434,-6309.999999999434,-99.99999999990905,0,3,-0.009999999999990905,-0.3644811320754684,-0.28106446540880714,0,0,0,0
1194,-6309.999999999434,-6309.999999999434,0,2,2,0,-0.40448113207547465,-0.2817311320754738,0,0,0,0
1195,-5909.9999999993715,-5909.9999999993715,400.0000000000625,0,3,0.04000000000000625,-0.3644811320754684,-0.28273113207547385,0,0,0,0
1196,-5909.9999999993715,-5909.9999999993715,0,0,0,0,-0.3544811320754775,-0.2833144654088071,0,0,0,0
1197,-5909.9999999993715,-5909.9999999993715,0,2,2,0,-0.3444811320754724,-0.2834811320754739,0,0,0,0
1198,-6009.9999999994225,-6009.9999999994225,-100.00000000005116,0,3,-0.010000000000005116,-0.3544811320754775,-0.2839811320754739,0,0,0,0
1199,-6009.9999999994225,-6009.9999999994225,0,1,1,0,-0.3544811320754775,-0.2843977987421405,0,0,0,0
1200,-5909.999999999513,-5909.999999999513,99.99999999990905,0,3,0.009999999999990905,-0.3644811320754684,-0.2847311320754739,0,0,0,0
